#Results for evolved program
#Output
#X    Expected     Actual
0 -127.2 -85.1131
1 -118.5 -80.2585
2 -94.4 -59.7566
3 -45.9 -14.6768
4 36 63.9344
5 160.3 185.045
6 336 357.632
7 572.1 590.68
8 877.6 893.176
9 1261.5 1274.11
10 1732.8 1742.49
11 2300.5 2307.29
12 2973.6 2977.53
13 3761.1 3762.19
14 4672 4670.28
15 5715.3 5710.8
16 6900 6892.75
17 8235.1 8225.14
18 9729.6 9716.95
19 11392.5 11377.2
20 13232.8 13214.9
21 15259.5 15239
22 17481.6 17458.6
23 19908.1 19882.6
24 22548 22520.1
25 25410.3 25380
26 28504 28471.3
27 31838.1 31803.2
28 35421.6 35384.4
29 39263.5 39224.2
30 43372.8 43331.4
31 47758.5 47715.1
32 52429.6 52384.3
33 57395.1 57347.9
34 62664 62615
35 68245.3 68194.6
36 74148 74095.7
37 80381.1 80327.3
38 86953.6 86898.4
39 93874.5 93818
40 101153 101095
41 108798 108739
42 116818 116758
43 125222 125161
44 134020 133958
45 143220 143158
46 152832 152769
47 162864 162801
48 173326 173262
49 184226 184162
50 195573 195509
51 207376 207313
52 219646 219583
53 232389 232327
54 245616 245554
55 259335 259274
56 273556 273496
57 288287 288228
58 303538 303480
59 319316 319260
60 335633 335578
61 352496 352443
62 369914 369863
63 387896 387847
64 406452 406406
65 425590 425547
66 445320 445279
67 465650 465612
68 486590 486555
69 508148 508116
70 530333 530305
71 553154 553131
72 576622 576602
73 600743 600727
74 625528 625517
75 650985 650979
76 677124 677123
77 703953 703957
78 731482 731491
79 759718 759734
80 788673 788694
81 818354 818381
82 848770 848803
83 879930 879971
84 911844 911892
85 944520 944575
86 977968 978030
87 1.0122e+06 1.01227e+06
88 1.04721e+06 1.04729e+06
89 1.08303e+06 1.08312e+06
90 1.11965e+06 1.11975e+06
91 1.15709e+06 1.1572e+06
92 1.19536e+06 1.19547e+06
93 1.23446e+06 1.23458e+06
94 1.2744e+06 1.27453e+06
95 1.3152e+06 1.31534e+06
96 1.35685e+06 1.35701e+06
97 1.39938e+06 1.39954e+06
98 1.44279e+06 1.44296e+06
99 1.48708e+06 1.48727e+06
100 1.53227e+06 1.53247e+06
101 1.57837e+06 1.57858e+06
102 1.62539e+06 1.62561e+06
103 1.67332e+06 1.67356e+06
104 1.7222e+06 1.72245e+06
105 1.77201e+06 1.77227e+06
106 1.82278e+06 1.82305e+06
107 1.8745e+06 1.87479e+06
108 1.9272e+06 1.9275e+06
109 1.98087e+06 1.98119e+06
110 2.03553e+06 2.03587e+06
111 2.09119e+06 2.09154e+06
112 2.14785e+06 2.14822e+06
113 2.20553e+06 2.20592e+06
114 2.26423e+06 2.26463e+06
115 2.32397e+06 2.32439e+06
116 2.38474e+06 2.38518e+06
117 2.44657e+06 2.44702e+06
118 2.50945e+06 2.50992e+06
119 2.5734e+06 2.5739e+06
120 2.63843e+06 2.63895e+06
121 2.70455e+06 2.70508e+06
122 2.77176e+06 2.77231e+06
123 2.84008e+06 2.84065e+06
124 2.90951e+06 2.9101e+06
125 2.98006e+06 2.98068e+06
126 3.05174e+06 3.05238e+06
127 3.12457e+06 3.12523e+06
128 3.19854e+06 3.19922e+06
129 3.27367e+06 3.27438e+06
130 3.34997e+06 3.3507e+06
131 3.42745e+06 3.4282e+06
132 3.50611e+06 3.50689e+06
133 3.58597e+06 3.58677e+06
134 3.66702e+06 3.66785e+06
135 3.7493e+06 3.75015e+06
136 3.83279e+06 3.83367e+06
137 3.91751e+06 3.91842e+06
138 4.00347e+06 4.00441e+06
139 4.09068e+06 4.09165e+06
140 4.17915e+06 4.18014e+06
141 4.26889e+06 4.26991e+06
142 4.3599e+06 4.36094e+06
143 4.45219e+06 4.45327e+06
144 4.54578e+06 4.54689e+06
145 4.64067e+06 4.64181e+06
146 4.73687e+06 4.73804e+06
147 4.83439e+06 4.83559e+06
148 4.93325e+06 4.93448e+06
149 5.03344e+06 5.0347e+06
150 5.13497e+06 5.13627e+06
151 5.23787e+06 5.2392e+06
152 5.34213e+06 5.34349e+06
153 5.44776e+06 5.44916e+06
154 5.55478e+06 5.55621e+06
155 5.66319e+06 5.66466e+06
156 5.773e+06 5.77451e+06
157 5.88422e+06 5.88576e+06
158 5.99686e+06 5.99844e+06
159 6.11093e+06 6.11255e+06
160 6.22643e+06 6.22809e+06
161 6.34339e+06 6.34509e+06
162 6.46179e+06 6.46353e+06
163 6.58167e+06 6.58345e+06
164 6.70301e+06 6.70483e+06
165 6.82584e+06 6.8277e+06
166 6.95016e+06 6.95207e+06
167 7.07598e+06 7.07793e+06
168 7.20331e+06 7.2053e+06
169 7.33216e+06 7.33419e+06
170 7.46253e+06 7.46461e+06
171 7.59444e+06 7.59657e+06
172 7.7279e+06 7.73007e+06
173 7.86291e+06 7.86513e+06
174 7.99949e+06 8.00175e+06
175 8.13764e+06 8.13995e+06
176 8.27736e+06 8.27972e+06
177 8.41868e+06 8.42109e+06
178 8.5616e+06 8.56406e+06
179 8.70613e+06 8.70864e+06
180 8.85227e+06 8.85483e+06
181 9.00004e+06 9.00265e+06
182 9.14945e+06 9.15211e+06
183 9.3005e+06 9.30321e+06
184 9.4532e+06 9.45597e+06
185 9.60757e+06 9.61039e+06
186 9.76361e+06 9.76648e+06
187 9.92133e+06 9.92426e+06
188 1.00807e+07 1.00837e+07
189 1.02418e+07 1.02449e+07
190 1.04047e+07 1.04078e+07
191 1.05692e+07 1.05723e+07
192 1.07354e+07 1.07387e+07
193 1.09034e+07 1.09067e+07
194 1.10732e+07 1.10765e+07
195 1.12446e+07 1.1248e+07
196 1.14179e+07 1.14214e+07
197 1.15929e+07 1.15964e+07
198 1.17697e+07 1.17733e+07
199 1.19483e+07 1.19519e+07
200 1.21287e+07 1.21324e+07
201 1.23109e+07 1.23146e+07
202 1.24949e+07 1.24987e+07
203 1.26807e+07 1.26846e+07
204 1.28684e+07 1.28723e+07
205 1.30579e+07 1.30619e+07
206 1.32492e+07 1.32533e+07
207 1.34424e+07 1.34466e+07
208 1.36375e+07 1.36418e+07
209 1.38345e+07 1.38388e+07
210 1.40333e+07 1.40377e+07
211 1.42341e+07 1.42385e+07
212 1.44367e+07 1.44413e+07
213 1.46413e+07 1.46459e+07
214 1.48478e+07 1.48525e+07
215 1.50562e+07 1.5061e+07
216 1.52666e+07 1.52714e+07
217 1.54789e+07 1.54838e+07
218 1.56932e+07 1.56982e+07
219 1.59094e+07 1.59145e+07
220 1.61276e+07 1.61328e+07
221 1.63478e+07 1.63531e+07
222 1.657e+07 1.65754e+07
223 1.67942e+07 1.67996e+07
224 1.70205e+07 1.70259e+07
225 1.72487e+07 1.72543e+07
226 1.7479e+07 1.74846e+07
227 1.77113e+07 1.7717e+07
228 1.79457e+07 1.79515e+07
229 1.81821e+07 1.8188e+07
230 1.84206e+07 1.84266e+07
231 1.86611e+07 1.86672e+07
232 1.89038e+07 1.891e+07
233 1.91485e+07 1.91548e+07
234 1.93954e+07 1.94017e+07
235 1.96443e+07 1.96508e+07
236 1.98954e+07 1.9902e+07
237 2.01486e+07 2.01553e+07
238 2.0404e+07 2.04107e+07
239 2.06615e+07 2.06683e+07
240 2.09212e+07 2.09281e+07
241 2.1183e+07 2.119e+07
242 2.1447e+07 2.14541e+07
243 2.17132e+07 2.17204e+07
244 2.19815e+07 2.19888e+07
245 2.22521e+07 2.22595e+07
246 2.25249e+07 2.25324e+07
247 2.27999e+07 2.28075e+07
248 2.30772e+07 2.30849e+07
249 2.33566e+07 2.33645e+07
250 2.36384e+07 2.36463e+07
251 2.39224e+07 2.39304e+07
252 2.42086e+07 2.42167e+07
253 2.44971e+07 2.45054e+07
254 2.47879e+07 2.47963e+07
255 2.5081e+07 2.50895e+07
256 2.53764e+07 2.5385e+07
257 2.56741e+07 2.56828e+07
258 2.59742e+07 2.5983e+07
259 2.62765e+07 2.62854e+07
260 2.65812e+07 2.65902e+07
261 2.68883e+07 2.68974e+07
262 2.71977e+07 2.72069e+07
263 2.75094e+07 2.75188e+07
264 2.78236e+07 2.78331e+07
265 2.81401e+07 2.81497e+07
266 2.8459e+07 2.84687e+07
267 2.87803e+07 2.87902e+07
268 2.9104e+07 2.9114e+07
269 2.94302e+07 2.94403e+07
270 2.97587e+07 2.97689e+07
271 3.00897e+07 3.01001e+07
272 3.04232e+07 3.04336e+07
273 3.07591e+07 3.07697e+07
274 3.10974e+07 3.11082e+07
275 3.14383e+07 3.14491e+07
276 3.17816e+07 3.17926e+07
277 3.21274e+07 3.21385e+07
278 3.24757e+07 3.2487e+07
279 3.28265e+07 3.28379e+07
280 3.31799e+07 3.31914e+07
281 3.35357e+07 3.35474e+07
282 3.38941e+07 3.39059e+07
283 3.42551e+07 3.4267e+07
284 3.46186e+07 3.46306e+07
285 3.49846e+07 3.49968e+07
286 3.53532e+07 3.53656e+07
287 3.57245e+07 3.57369e+07
288 3.60983e+07 3.61109e+07
289 3.64746e+07 3.64874e+07
290 3.68537e+07 3.68665e+07
291 3.72353e+07 3.72483e+07
292 3.76195e+07 3.76327e+07
293 3.80064e+07 3.80197e+07
294 3.83959e+07 3.84094e+07
295 3.87881e+07 3.88017e+07
296 3.91829e+07 3.91967e+07
297 3.95804e+07 3.95944e+07
298 3.99806e+07 3.99947e+07
299 4.03835e+07 4.03977e+07
300 4.07891e+07 4.08035e+07
301 4.11974e+07 4.12119e+07
302 4.16083e+07 4.16231e+07
303 4.20221e+07 4.20369e+07
304 4.24385e+07 4.24535e+07
305 4.28577e+07 4.28729e+07
306 4.32797e+07 4.3295e+07
307 4.37044e+07 4.37199e+07
308 4.41318e+07 4.41475e+07
309 4.45621e+07 4.45779e+07
310 4.49951e+07 4.50111e+07
311 4.5431e+07 4.54471e+07
312 4.58696e+07 4.5886e+07
313 4.63111e+07 4.63276e+07
314 4.67554e+07 4.6772e+07
315 4.72025e+07 4.72193e+07
316 4.76524e+07 4.76694e+07
317 4.81052e+07 4.81224e+07
318 4.85609e+07 4.85783e+07
319 4.90194e+07 4.9037e+07
320 4.94808e+07 4.94986e+07
321 4.99451e+07 4.9963e+07
322 5.04123e+07 5.04304e+07
323 5.08824e+07 5.09007e+07
324 5.13554e+07 5.13739e+07
325 5.18314e+07 5.185e+07
326 5.23102e+07 5.2329e+07
327 5.2792e+07 5.2811e+07
328 5.32768e+07 5.3296e+07
329 5.37645e+07 5.37839e+07
330 5.42552e+07 5.42747e+07
331 5.47488e+07 5.47686e+07
332 5.52455e+07 5.52654e+07
333 5.57451e+07 5.57653e+07
334 5.62477e+07 5.62681e+07
335 5.67534e+07 5.67739e+07
336 5.72621e+07 5.72828e+07
337 5.77738e+07 5.77947e+07
338 5.82885e+07 5.83096e+07
339 5.88063e+07 5.88276e+07
340 5.93272e+07 5.93487e+07
341 5.98511e+07 5.98728e+07
342 6.03781e+07 6.04e+07
343 6.09081e+07 6.09303e+07
344 6.14413e+07 6.14637e+07
345 6.19776e+07 6.20001e+07
346 6.2517e+07 6.25397e+07
347 6.30595e+07 6.30824e+07
348 6.36051e+07 6.36283e+07
349 6.41539e+07 6.41773e+07
350 6.47058e+07 6.47294e+07
351 6.52608e+07 6.52847e+07
352 6.58191e+07 6.58431e+07
353 6.63805e+07 6.64048e+07
354 6.69451e+07 6.69696e+07
355 6.75129e+07 6.75376e+07
356 6.80839e+07 6.81088e+07
357 6.86581e+07 6.86832e+07
358 6.92355e+07 6.92609e+07
359 6.98161e+07 6.98418e+07
360 7.04e+07 7.04259e+07
361 7.09872e+07 7.10132e+07
362 7.15776e+07 7.16039e+07
363 7.21712e+07 7.21977e+07
364 7.27681e+07 7.27949e+07
365 7.33683e+07 7.33953e+07
366 7.39718e+07 7.39991e+07
367 7.45786e+07 7.46061e+07
368 7.51887e+07 7.52165e+07
369 7.58022e+07 7.58301e+07
370 7.64189e+07 7.64471e+07
371 7.7039e+07 7.70675e+07
372 7.76625e+07 7.76911e+07
373 7.82893e+07 7.83182e+07
374 7.89194e+07 7.89486e+07
375 7.95529e+07 7.95824e+07
376 8.01898e+07 8.02195e+07
377 8.08301e+07 8.08601e+07
378 8.14738e+07 8.1504e+07
379 8.21209e+07 8.21514e+07
380 8.27715e+07 8.28022e+07
381 8.34254e+07 8.34564e+07
382 8.40828e+07 8.4114e+07
383 8.47436e+07 8.47751e+07
384 8.54079e+07 8.54396e+07
385 8.60757e+07 8.61076e+07
386 8.67469e+07 8.67791e+07
387 8.74216e+07 8.74541e+07
388 8.80998e+07 8.81325e+07
389 8.87815e+07 8.88145e+07
390 8.94667e+07 8.95e+07
391 9.01554e+07 9.01889e+07
392 9.08476e+07 9.08814e+07
393 9.15434e+07 9.15775e+07
394 9.22427e+07 9.22771e+07
395 9.29455e+07 9.29802e+07
396 9.3652e+07 9.36869e+07
397 9.4362e+07 9.43972e+07
398 9.50755e+07 9.51111e+07
399 9.57927e+07 9.58285e+07
400 9.65135e+07 9.65496e+07
401 9.72378e+07 9.72742e+07
402 9.79658e+07 9.80025e+07
403 9.86974e+07 9.87344e+07
404 9.94327e+07 9.94699e+07
405 1.00172e+08 1.00209e+08
406 1.00914e+08 1.00952e+08
407 1.0166e+08 1.01698e+08
408 1.0241e+08 1.02449e+08
409 1.03164e+08 1.03202e+08
410 1.03921e+08 1.0396e+08
411 1.04682e+08 1.04721e+08
412 1.05446e+08 1.05486e+08
413 1.06215e+08 1.06255e+08
414 1.06987e+08 1.07027e+08
415 1.07763e+08 1.07803e+08
416 1.08542e+08 1.08583e+08
417 1.09326e+08 1.09367e+08
418 1.10113e+08 1.10154e+08
419 1.10903e+08 1.10945e+08
420 1.11698e+08 1.1174e+08
421 1.12496e+08 1.12539e+08
422 1.13299e+08 1.13341e+08
423 1.14105e+08 1.14148e+08
424 1.14914e+08 1.14958e+08
425 1.15728e+08 1.15772e+08
426 1.16545e+08 1.16589e+08
427 1.17367e+08 1.17411e+08
428 1.18192e+08 1.18237e+08
429 1.19021e+08 1.19066e+08
430 1.19854e+08 1.19899e+08
431 1.20691e+08 1.20736e+08
432 1.21531e+08 1.21577e+08
433 1.22376e+08 1.22422e+08
434 1.23224e+08 1.23271e+08
435 1.24076e+08 1.24123e+08
436 1.24933e+08 1.2498e+08
437 1.25793e+08 1.25841e+08
438 1.26657e+08 1.26705e+08
439 1.27525e+08 1.27573e+08
440 1.28397e+08 1.28446e+08
441 1.29273e+08 1.29322e+08
442 1.30153e+08 1.30203e+08
443 1.31037e+08 1.31087e+08
444 1.31925e+08 1.31975e+08
445 1.32817e+08 1.32867e+08
446 1.33713e+08 1.33764e+08
447 1.34613e+08 1.34664e+08
448 1.35517e+08 1.35569e+08
449 1.36425e+08 1.36477e+08
450 1.37337e+08 1.37389e+08
451 1.38253e+08 1.38306e+08
452 1.39174e+08 1.39227e+08
453 1.40098e+08 1.40151e+08
454 1.41026e+08 1.4108e+08
455 1.41959e+08 1.42013e+08
456 1.42895e+08 1.4295e+08
457 1.43836e+08 1.43891e+08
458 1.44781e+08 1.44836e+08
459 1.4573e+08 1.45785e+08
460 1.46683e+08 1.46739e+08
461 1.4764e+08 1.47696e+08
462 1.48601e+08 1.48658e+08
463 1.49567e+08 1.49624e+08
464 1.50537e+08 1.50594e+08
465 1.51511e+08 1.51568e+08
466 1.52489e+08 1.52547e+08
467 1.53471e+08 1.5353e+08
468 1.54457e+08 1.54517e+08
469 1.55448e+08 1.55508e+08
470 1.56443e+08 1.56503e+08
471 1.57442e+08 1.57503e+08
472 1.58446e+08 1.58506e+08
473 1.59453e+08 1.59514e+08
474 1.60465e+08 1.60527e+08
475 1.61482e+08 1.61543e+08
476 1.62502e+08 1.62564e+08
477 1.63527e+08 1.6359e+08
478 1.64556e+08 1.64619e+08
479 1.65589e+08 1.65653e+08
480 1.66627e+08 1.66691e+08
481 1.67669e+08 1.67733e+08
482 1.68715e+08 1.6878e+08
483 1.69766e+08 1.69831e+08
484 1.70821e+08 1.70887e+08
485 1.71881e+08 1.71947e+08
486 1.72945e+08 1.73011e+08
487 1.74013e+08 1.7408e+08
488 1.75085e+08 1.75153e+08
489 1.76162e+08 1.7623e+08
490 1.77244e+08 1.77312e+08
491 1.78329e+08 1.78398e+08
492 1.7942e+08 1.79489e+08
493 1.80514e+08 1.80584e+08
494 1.81613e+08 1.81683e+08
495 1.82717e+08 1.82787e+08
496 1.83825e+08 1.83896e+08
497 1.84937e+08 1.85009e+08
498 1.86054e+08 1.86126e+08
499 1.87176e+08 1.87248e+08
500 1.88302e+08 1.88374e+08
501 1.89432e+08 1.89505e+08
502 1.90567e+08 1.90641e+08
503 1.91707e+08 1.91781e+08
504 1.92851e+08 1.92925e+08
505 1.93999e+08 1.94074e+08
506 1.95153e+08 1.95228e+08
507 1.9631e+08 1.96386e+08
508 1.97472e+08 1.97549e+08
509 1.98639e+08 1.98716e+08
510 1.99811e+08 1.99888e+08
511 2.00987e+08 2.01064e+08
512 2.02167e+08 2.02246e+08
513 2.03353e+08 2.03431e+08
514 2.04542e+08 2.04622e+08
515 2.05737e+08 2.05817e+08
516 2.06936e+08 2.07016e+08
517 2.0814e+08 2.0822e+08
518 2.09348e+08 2.09429e+08
519 2.10561e+08 2.10643e+08
520 2.11779e+08 2.11861e+08
521 2.13002e+08 2.13084e+08
522 2.14229e+08 2.14312e+08
523 2.15461e+08 2.15544e+08
524 2.16697e+08 2.16781e+08
525 2.17939e+08 2.18023e+08
526 2.19185e+08 2.1927e+08
527 2.20435e+08 2.20521e+08
528 2.21691e+08 2.21777e+08
529 2.22951e+08 2.23038e+08
530 2.24216e+08 2.24303e+08
531 2.25486e+08 2.25574e+08
532 2.26761e+08 2.26849e+08
533 2.2804e+08 2.28129e+08
534 2.29324e+08 2.29414e+08
535 2.30613e+08 2.30703e+08
536 2.31907e+08 2.31997e+08
537 2.33206e+08 2.33297e+08
538 2.3451e+08 2.34601e+08
539 2.35818e+08 2.3591e+08
540 2.37131e+08 2.37223e+08
541 2.38449e+08 2.38542e+08
542 2.39772e+08 2.39866e+08
543 2.411e+08 2.41194e+08
544 2.42433e+08 2.42527e+08
545 2.4377e+08 2.43865e+08
546 2.45113e+08 2.45208e+08
547 2.46461e+08 2.46556e+08
548 2.47813e+08 2.47909e+08
549 2.4917e+08 2.49267e+08
550 2.50533e+08 2.5063e+08
551 2.519e+08 2.51998e+08
552 2.53272e+08 2.53371e+08
553 2.54649e+08 2.54749e+08
554 2.56031e+08 2.56131e+08
555 2.57419e+08 2.57519e+08
556 2.58811e+08 2.58912e+08
557 2.60208e+08 2.60309e+08
558 2.6161e+08 2.61712e+08
559 2.63017e+08 2.6312e+08
560 2.6443e+08 2.64533e+08
561 2.65847e+08 2.65951e+08
562 2.67269e+08 2.67374e+08
563 2.68697e+08 2.68802e+08
564 2.70129e+08 2.70235e+08
565 2.71567e+08 2.71673e+08
566 2.7301e+08 2.73116e+08
567 2.74457e+08 2.74565e+08
568 2.7591e+08 2.76018e+08
569 2.77368e+08 2.77477e+08
570 2.78831e+08 2.7894e+08
571 2.803e+08 2.80409e+08
572 2.81773e+08 2.81883e+08
573 2.83252e+08 2.83362e+08
574 2.84735e+08 2.84847e+08
575 2.86224e+08 2.86336e+08
576 2.87718e+08 2.87831e+08
577 2.89218e+08 2.89331e+08
578 2.90722e+08 2.90836e+08
579 2.92232e+08 2.92346e+08
580 2.93747e+08 2.93862e+08
581 2.95267e+08 2.95382e+08
582 2.96792e+08 2.96908e+08
583 2.98323e+08 2.9844e+08
584 2.99859e+08 2.99976e+08
585 3.014e+08 3.01518e+08
586 3.02946e+08 3.03065e+08
587 3.04498e+08 3.04617e+08
588 3.06055e+08 3.06175e+08
589 3.07617e+08 3.07738e+08
590 3.09185e+08 3.09306e+08
591 3.10758e+08 3.10879e+08
592 3.12336e+08 3.12458e+08
593 3.13919e+08 3.14043e+08
594 3.15508e+08 3.15632e+08
595 3.17102e+08 3.17227e+08
596 3.18702e+08 3.18827e+08
597 3.20307e+08 3.20433e+08
598 3.21917e+08 3.22044e+08
599 3.23533e+08 3.2366e+08
600 3.25154e+08 3.25282e+08
601 3.26781e+08 3.26909e+08
602 3.28413e+08 3.28542e+08
603 3.3005e+08 3.3018e+08
604 3.31693e+08 3.31823e+08
605 3.33341e+08 3.33472e+08
606 3.34995e+08 3.35127e+08
607 3.36654e+08 3.36787e+08
608 3.38319e+08 3.38452e+08
609 3.39989e+08 3.40123e+08
610 3.41665e+08 3.41799e+08
611 3.43346e+08 3.43481e+08
612 3.45032e+08 3.45168e+08
613 3.46724e+08 3.46861e+08
614 3.48422e+08 3.48559e+08
615 3.50125e+08 3.50263e+08
616 3.51834e+08 3.51973e+08
617 3.53548e+08 3.53688e+08
618 3.55268e+08 3.55408e+08
619 3.56993e+08 3.57134e+08
620 3.58724e+08 3.58866e+08
621 3.60461e+08 3.60603e+08
622 3.62203e+08 3.62346e+08
623 3.63951e+08 3.64094e+08
624 3.65704e+08 3.65849e+08
625 3.67463e+08 3.67608e+08
626 3.69228e+08 3.69374e+08
627 3.70998e+08 3.71145e+08
628 3.72774e+08 3.72921e+08
629 3.74556e+08 3.74704e+08
630 3.76343e+08 3.76492e+08
631 3.78136e+08 3.78285e+08
632 3.79935e+08 3.80085e+08
633 3.81739e+08 3.8189e+08
634 3.83549e+08 3.837e+08
635 3.85365e+08 3.85517e+08
636 3.87186e+08 3.87339e+08
637 3.89013e+08 3.89167e+08
638 3.90846e+08 3.91001e+08
639 3.92685e+08 3.9284e+08
640 3.94529e+08 3.94685e+08
641 3.96379e+08 3.96536e+08
642 3.98235e+08 3.98393e+08
643 4.00097e+08 4.00255e+08
644 4.01965e+08 4.02124e+08
645 4.03838e+08 4.03998e+08
646 4.05717e+08 4.05878e+08
647 4.07602e+08 4.07763e+08
648 4.09493e+08 4.09655e+08
649 4.11389e+08 4.11552e+08
650 4.13292e+08 4.13456e+08
651 4.152e+08 4.15365e+08
652 4.17115e+08 4.1728e+08
653 4.19035e+08 4.19201e+08
654 4.20961e+08 4.21127e+08
655 4.22892e+08 4.2306e+08
656 4.2483e+08 4.24998e+08
657 4.26774e+08 4.26943e+08
658 4.28723e+08 4.28893e+08
659 4.30679e+08 4.3085e+08
660 4.3264e+08 4.32812e+08
661 4.34608e+08 4.3478e+08
662 4.36581e+08 4.36754e+08
663 4.38561e+08 4.38734e+08
664 4.40546e+08 4.4072e+08
665 4.42537e+08 4.42713e+08
666 4.44534e+08 4.44711e+08
667 4.46538e+08 4.46715e+08
668 4.48547e+08 4.48725e+08
669 4.50562e+08 4.50741e+08
670 4.52584e+08 4.52763e+08
671 4.54611e+08 4.54791e+08
672 4.56644e+08 4.56826e+08
673 4.58684e+08 4.58866e+08
674 4.60729e+08 4.60912e+08
675 4.62781e+08 4.62965e+08
676 4.64839e+08 4.65023e+08
677 4.66902e+08 4.67088e+08
678 4.68972e+08 4.69158e+08
679 4.71048e+08 4.71235e+08
680 4.7313e+08 4.73318e+08
681 4.75218e+08 4.75407e+08
682 4.77313e+08 4.77503e+08
683 4.79413e+08 4.79604e+08
684 4.8152e+08 4.81711e+08
685 4.83633e+08 4.83825e+08
686 4.85752e+08 4.85945e+08
687 4.87877e+08 4.88071e+08
688 4.90008e+08 4.90203e+08
689 4.92146e+08 4.92342e+08
690 4.9429e+08 4.94486e+08
691 4.9644e+08 4.96637e+08
692 4.98596e+08 4.98794e+08
693 5.00758e+08 5.00957e+08
694 5.02927e+08 5.03127e+08
695 5.05102e+08 5.05303e+08
696 5.07283e+08 5.07485e+08
697 5.09471e+08 5.09673e+08
698 5.11664e+08 5.11868e+08
699 5.13864e+08 5.14069e+08
700 5.16071e+08 5.16276e+08
701 5.18283e+08 5.1849e+08
702 5.20502e+08 5.2071e+08
703 5.22728e+08 5.22936e+08
704 5.24959e+08 5.25168e+08
705 5.27197e+08 5.27407e+08
706 5.29441e+08 5.29652e+08
707 5.31692e+08 5.31904e+08
708 5.33949e+08 5.34162e+08
709 5.36213e+08 5.36426e+08
710 5.38482e+08 5.38697e+08
711 5.40759e+08 5.40974e+08
712 5.43041e+08 5.43258e+08
713 5.4533e+08 5.45548e+08
714 5.47626e+08 5.47844e+08
715 5.49927e+08 5.50147e+08
716 5.52236e+08 5.52456e+08
717 5.54551e+08 5.54772e+08
718 5.56872e+08 5.57094e+08
719 5.59199e+08 5.59423e+08
720 5.61534e+08 5.61758e+08
721 5.63874e+08 5.64099e+08
722 5.66221e+08 5.66447e+08
723 5.68575e+08 5.68802e+08
724 5.70935e+08 5.71163e+08
725 5.73302e+08 5.73531e+08
726 5.75675e+08 5.75905e+08
727 5.78055e+08 5.78286e+08
728 5.80441e+08 5.80673e+08
729 5.82834e+08 5.83067e+08
730 5.85234e+08 5.85467e+08
731 5.8764e+08 5.87874e+08
732 5.90052e+08 5.90288e+08
733 5.92471e+08 5.92708e+08
734 5.94897e+08 5.95135e+08
735 5.9733e+08 5.97568e+08
736 5.99769e+08 6.00008e+08
737 6.02214e+08 6.02455e+08
738 6.04667e+08 6.04908e+08
739 6.07126e+08 6.07368e+08
740 6.09591e+08 6.09835e+08
741 6.12063e+08 6.12308e+08
742 6.14542e+08 6.14788e+08
743 6.17028e+08 6.17275e+08
744 6.1952e+08 6.19768e+08
745 6.22019e+08 6.22268e+08
746 6.24525e+08 6.24775e+08
747 6.27038e+08 6.27288e+08
748 6.29557e+08 6.29809e+08
749 6.32083e+08 6.32336e+08
750 6.34615e+08 6.34869e+08
751 6.37155e+08 6.3741e+08
752 6.39701e+08 6.39957e+08
753 6.42254e+08 6.42511e+08
754 6.44814e+08 6.45072e+08
755 6.4738e+08 6.47639e+08
756 6.49954e+08 6.50214e+08
757 6.52534e+08 6.52795e+08
758 6.55121e+08 6.55383e+08
759 6.57715e+08 6.57978e+08
760 6.60315e+08 6.6058e+08
761 6.62923e+08 6.63188e+08
762 6.65537e+08 6.65804e+08
763 6.68158e+08 6.68426e+08
764 6.70786e+08 6.71055e+08
765 6.73421e+08 6.73691e+08
766 6.76063e+08 6.76334e+08
767 6.78712e+08 6.78984e+08
768 6.81368e+08 6.81641e+08
769 6.8403e+08 6.84304e+08
770 6.867e+08 6.86975e+08
771 6.89376e+08 6.89653e+08
772 6.9206e+08 6.92337e+08
773 6.9475e+08 6.95029e+08
774 6.97447e+08 6.97727e+08
775 7.00152e+08 7.00432e+08
776 7.02863e+08 7.03145e+08
777 7.05581e+08 7.05864e+08
778 7.08306e+08 7.0859e+08
779 7.11039e+08 7.11324e+08
780 7.13778e+08 7.14064e+08
781 7.16524e+08 7.16812e+08
782 7.19278e+08 7.19566e+08
783 7.22038e+08 7.22328e+08
784 7.24805e+08 7.25096e+08
785 7.2758e+08 7.27872e+08
786 7.30361e+08 7.30655e+08
787 7.3315e+08 7.33444e+08
788 7.35946e+08 7.36241e+08
789 7.38749e+08 7.39045e+08
790 7.41559e+08 7.41856e+08
791 7.44376e+08 7.44675e+08
792 7.472e+08 7.475e+08
793 7.50031e+08 7.50333e+08
794 7.5287e+08 7.53172e+08
795 7.55715e+08 7.56019e+08
796 7.58568e+08 7.58873e+08
797 7.61428e+08 7.61734e+08
798 7.64295e+08 7.64602e+08
799 7.6717e+08 7.67478e+08
800 7.70051e+08 7.70361e+08
801 7.7294e+08 7.7325e+08
802 7.75836e+08 7.76148e+08
803 7.78739e+08 7.79052e+08
804 7.81649e+08 7.81964e+08
805 7.84567e+08 7.84882e+08
806 7.87492e+08 7.87808e+08
807 7.90424e+08 7.90742e+08
808 7.93363e+08 7.93682e+08
809 7.9631e+08 7.9663e+08
810 7.99264e+08 7.99586e+08
811 8.02225e+08 8.02548e+08
812 8.05194e+08 8.05518e+08
813 8.0817e+08 8.08495e+08
814 8.11153e+08 8.1148e+08
815 8.14144e+08 8.14471e+08
816 8.17142e+08 8.1747e+08
817 8.20147e+08 8.20477e+08
818 8.23159e+08 8.23491e+08
819 8.26179e+08 8.26512e+08
820 8.29207e+08 8.29541e+08
821 8.32242e+08 8.32577e+08
822 8.35284e+08 8.3562e+08
823 8.38333e+08 8.38671e+08
824 8.4139e+08 8.41729e+08
825 8.44455e+08 8.44795e+08
826 8.47526e+08 8.47868e+08
827 8.50606e+08 8.50948e+08
828 8.53692e+08 8.54036e+08
829 8.56787e+08 8.57132e+08
830 8.59888e+08 8.60235e+08
831 8.62997e+08 8.63345e+08
832 8.66114e+08 8.66463e+08
833 8.69238e+08 8.69588e+08
834 8.7237e+08 8.72721e+08
835 8.75509e+08 8.75861e+08
836 8.78655e+08 8.79009e+08
837 8.81809e+08 8.82165e+08
838 8.84971e+08 8.85328e+08
839 8.8814e+08 8.88498e+08
840 8.91317e+08 8.91676e+08
841 8.94502e+08 8.94862e+08
842 8.97693e+08 8.98055e+08
843 9.00893e+08 9.01256e+08
844 9.041e+08 9.04465e+08
845 9.07315e+08 9.07681e+08
846 9.10537e+08 9.10904e+08
847 9.13767e+08 9.14136e+08
848 9.17005e+08 9.17375e+08
849 9.2025e+08 9.20621e+08
850 9.23503e+08 9.23875e+08
851 9.26763e+08 9.27137e+08
852 9.30031e+08 9.30407e+08
853 9.33307e+08 9.33684e+08
854 9.36591e+08 9.36969e+08
855 9.39882e+08 9.40261e+08
856 9.43181e+08 9.43562e+08
857 9.46488e+08 9.4687e+08
858 9.49802e+08 9.50185e+08
859 9.53124e+08 9.53509e+08
860 9.56454e+08 9.5684e+08
861 9.59792e+08 9.60179e+08
862 9.63137e+08 9.63526e+08
863 9.6649e+08 9.6688e+08
864 9.69851e+08 9.70243e+08
865 9.7322e+08 9.73613e+08
866 9.76596e+08 9.7699e+08
867 9.7998e+08 9.80376e+08
868 9.83372e+08 9.8377e+08
869 9.86772e+08 9.87171e+08
870 9.9018e+08 9.9058e+08
871 9.93595e+08 9.93997e+08
872 9.97019e+08 9.97422e+08
873 1.00045e+09 1.00085e+09
874 1.00389e+09 1.00429e+09
875 1.00734e+09 1.00774e+09
876 1.01079e+09 1.0112e+09
877 1.01425e+09 1.01466e+09
878 1.01772e+09 1.01814e+09
879 1.0212e+09 1.02162e+09
880 1.02469e+09 1.0251e+09
881 1.02818e+09 1.0286e+09
882 1.03169e+09 1.0321e+09
883 1.0352e+09 1.03562e+09
884 1.03871e+09 1.03913e+09
885 1.04224e+09 1.04266e+09
886 1.04578e+09 1.0462e+09
887 1.04932e+09 1.04974e+09
888 1.05287e+09 1.05329e+09
889 1.05643e+09 1.05685e+09
890 1.05999e+09 1.06042e+09
891 1.06357e+09 1.064e+09
892 1.06715e+09 1.06758e+09
893 1.07074e+09 1.07117e+09
894 1.07434e+09 1.07477e+09
895 1.07794e+09 1.07838e+09
896 1.08156e+09 1.08199e+09
897 1.08518e+09 1.08562e+09
898 1.08881e+09 1.08925e+09
899 1.09245e+09 1.09289e+09
900 1.0961e+09 1.09654e+09
901 1.09975e+09 1.1002e+09
902 1.10341e+09 1.10386e+09
903 1.10708e+09 1.10753e+09
904 1.11076e+09 1.11121e+09
905 1.11445e+09 1.1149e+09
906 1.11815e+09 1.1186e+09
907 1.12185e+09 1.1223e+09
908 1.12556e+09 1.12602e+09
909 1.12928e+09 1.12974e+09
910 1.13301e+09 1.13347e+09
911 1.13675e+09 1.13721e+09
912 1.14049e+09 1.14095e+09
913 1.14424e+09 1.14471e+09
914 1.148e+09 1.14847e+09
915 1.15177e+09 1.15224e+09
916 1.15555e+09 1.15602e+09
917 1.15934e+09 1.15981e+09
918 1.16313e+09 1.1636e+09
919 1.16693e+09 1.16741e+09
920 1.17074e+09 1.17122e+09
921 1.17456e+09 1.17504e+09
922 1.17839e+09 1.17887e+09
923 1.18223e+09 1.1827e+09
924 1.18607e+09 1.18655e+09
925 1.18992e+09 1.1904e+09
926 1.19378e+09 1.19427e+09
927 1.19765e+09 1.19814e+09
928 1.20153e+09 1.20201e+09
929 1.20541e+09 1.2059e+09
930 1.20931e+09 1.2098e+09
931 1.21321e+09 1.2137e+09
932 1.21712e+09 1.21761e+09
933 1.22104e+09 1.22153e+09
934 1.22497e+09 1.22546e+09
935 1.2289e+09 1.2294e+09
936 1.23285e+09 1.23335e+09
937 1.2368e+09 1.2373e+09
938 1.24076e+09 1.24126e+09
939 1.24473e+09 1.24523e+09
940 1.24871e+09 1.24921e+09
941 1.25269e+09 1.2532e+09
942 1.25669e+09 1.2572e+09
943 1.26069e+09 1.2612e+09
944 1.2647e+09 1.26522e+09
945 1.26872e+09 1.26924e+09
946 1.27275e+09 1.27327e+09
947 1.27679e+09 1.27731e+09
948 1.28084e+09 1.28136e+09
949 1.28489e+09 1.28541e+09
950 1.28895e+09 1.28948e+09
951 1.29303e+09 1.29355e+09
952 1.29711e+09 1.29763e+09
953 1.30119e+09 1.30172e+09
954 1.30529e+09 1.30582e+09
955 1.3094e+09 1.30993e+09
956 1.31351e+09 1.31405e+09
957 1.31764e+09 1.31817e+09
958 1.32177e+09 1.3223e+09
959 1.32591e+09 1.32645e+09
960 1.33006e+09 1.3306e+09
961 1.33421e+09 1.33476e+09
962 1.33838e+09 1.33892e+09
963 1.34256e+09 1.3431e+09
964 1.34674e+09 1.34729e+09
965 1.35093e+09 1.35148e+09
966 1.35513e+09 1.35568e+09
967 1.35934e+09 1.35989e+09
968 1.36356e+09 1.36412e+09
969 1.36779e+09 1.36834e+09
970 1.37202e+09 1.37258e+09
971 1.37627e+09 1.37683e+09
972 1.38052e+09 1.38108e+09
973 1.38478e+09 1.38535e+09
974 1.38906e+09 1.38962e+09
975 1.39333e+09 1.3939e+09
976 1.39762e+09 1.39819e+09
977 1.40192e+09 1.40249e+09
978 1.40623e+09 1.4068e+09
979 1.41054e+09 1.41111e+09
980 1.41487e+09 1.41544e+09
981 1.4192e+09 1.41977e+09
982 1.42354e+09 1.42412e+09
983 1.42789e+09 1.42847e+09
984 1.43225e+09 1.43283e+09
985 1.43662e+09 1.4372e+09
986 1.44099e+09 1.44158e+09
987 1.44538e+09 1.44597e+09
988 1.44977e+09 1.45036e+09
989 1.45418e+09 1.45477e+09
990 1.45859e+09 1.45918e+09
991 1.46301e+09 1.46361e+09
992 1.46744e+09 1.46804e+09
993 1.47188e+09 1.47248e+09
994 1.47633e+09 1.47693e+09
995 1.48078e+09 1.48139e+09
996 1.48525e+09 1.48585e+09
997 1.48973e+09 1.49033e+09
998 1.49421e+09 1.49482e+09
999 1.4987e+09 1.49931e+09
