#Results for evolved program
#Output
#X    Expected     Actual
0 -127.2 -0
1 -118.5 -0.821067
2 -94.4 6.2249
3 -45.9 27.2434
4 36 61.3208
5 160.3 107.437
6 336 164.868
7 572.1 233.047
8 877.6 311.492
9 1261.5 399.766
10 1732.8 497.473
11 2300.5 604.24
12 2973.6 719.719
13 3761.1 843.582
14 4672 975.516
15 5715.3 1115.23
16 6900 1262.43
17 8235.1 1416.87
18 9729.6 1578.28
19 11392.5 1746.43
20 13232.8 1921.07
21 15259.5 2102
22 17481.6 2289.01
23 19908.1 2481.88
24 22548 2680.43
25 25410.3 2884.48
26 28504 3093.84
27 31838.1 3308.36
28 35421.6 3527.87
29 39263.5 3752.21
30 43372.8 3981.23
31 47758.5 4214.8
32 52429.6 4452.78
33 57395.1 4695.03
34 62664 4941.43
35 68245.3 5191.86
36 74148 5446.2
37 80381.1 5704.34
38 86953.6 5966.18
39 93874.5 6231.6
40 101153 6500.51
41 108798 6772.81
42 116818 7048.41
43 125222 7327.23
44 134020 7609.16
45 143220 7894.14
46 152832 8182.08
47 162864 8472.9
48 173326 8766.53
49 184226 9062.89
50 195573 9361.92
51 207376 9663.56
52 219646 9967.72
53 232389 10274.4
54 245616 10583.4
55 259335 10894.8
56 273556 11208.5
57 288287 11524.4
58 303538 11842.6
59 319316 12162.8
60 335633 12485.1
61 352496 12809.5
62 369914 13135.9
63 387896 13464.2
64 406452 13794.4
65 425590 14126.4
66 445320 14460.3
67 465650 14796
68 486590 15133.3
69 508148 15472.4
70 530333 15813.2
71 553154 16155.5
72 576622 16499.5
73 600743 16845
74 625528 17192
75 650985 17540.5
76 677124 17890.5
77 703953 18241.9
78 731482 18594.7
79 759718 18948.9
80 788673 19304.4
81 818354 19661.2
82 848770 20019.4
83 879930 20378.7
84 911844 20739.4
85 944520 21101.2
86 977968 21464.2
87 1.0122e+06 21828.4
88 1.04721e+06 22193.8
89 1.08303e+06 22560.3
90 1.11965e+06 22927.8
91 1.15709e+06 23296.5
92 1.19536e+06 23666.2
93 1.23446e+06 24036.9
94 1.2744e+06 24408.7
95 1.3152e+06 24781.5
96 1.35685e+06 25155.3
97 1.39938e+06 25530
98 1.44279e+06 25905.7
99 1.48708e+06 26282.3
100 1.53227e+06 26659.8
101 1.57837e+06 27038.2
102 1.62539e+06 27417.5
103 1.67332e+06 27797.7
104 1.7222e+06 28178.8
105 1.77201e+06 28560.6
106 1.82278e+06 28943.3
107 1.8745e+06 29326.8
108 1.9272e+06 29711.1
109 1.98087e+06 30096.2
110 2.03553e+06 30482
111 2.09119e+06 30868.6
112 2.14785e+06 31256
113 2.20553e+06 31644
114 2.26423e+06 32032.8
115 2.32397e+06 32422.3
116 2.38474e+06 32812.5
117 2.44657e+06 33203.4
118 2.50945e+06 33595
119 2.5734e+06 33987.2
120 2.63843e+06 34380.1
121 2.70455e+06 34773.6
122 2.77176e+06 35167.7
123 2.84008e+06 35562.5
124 2.90951e+06 35957.9
125 2.98006e+06 36353.8
126 3.05174e+06 36750.4
127 3.12457e+06 37147.5
128 3.19854e+06 37545.3
129 3.27367e+06 37943.6
130 3.34997e+06 38342.4
131 3.42745e+06 38741.8
132 3.50611e+06 39141.8
133 3.58597e+06 39542.2
134 3.66702e+06 39943.2
135 3.7493e+06 40344.7
136 3.83279e+06 40746.8
137 3.91751e+06 41149.3
138 4.00347e+06 41552.3
139 4.09068e+06 41955.8
140 4.17915e+06 42359.8
141 4.26889e+06 42764.3
142 4.3599e+06 43169.2
143 4.45219e+06 43574.6
144 4.54578e+06 43980.4
145 4.64067e+06 44386.7
146 4.73687e+06 44793.4
147 4.83439e+06 45200.6
148 4.93325e+06 45608.2
149 5.03344e+06 46016.2
150 5.13497e+06 46424.7
151 5.23787e+06 46833.5
152 5.34213e+06 47242.7
153 5.44776e+06 47652.4
154 5.55478e+06 48062.4
155 5.66319e+06 48472.9
156 5.773e+06 48883.7
157 5.88422e+06 49294.9
158 5.99686e+06 49706.5
159 6.11093e+06 50118.4
160 6.22643e+06 50530.7
161 6.34339e+06 50943.4
162 6.46179e+06 51356.4
163 6.58167e+06 51769.7
164 6.70301e+06 52183.5
165 6.82584e+06 52597.5
166 6.95016e+06 53011.9
167 7.07598e+06 53426.6
168 7.20331e+06 53841.7
169 7.33216e+06 54257.1
170 7.46253e+06 54672.7
171 7.59444e+06 55088.8
172 7.7279e+06 55505.1
173 7.86291e+06 55921.7
174 7.99949e+06 56338.6
175 8.13764e+06 56755.9
176 8.27736e+06 57173.4
177 8.41868e+06 57591.2
178 8.5616e+06 58009.4
179 8.70613e+06 58427.8
180 8.85227e+06 58846.4
181 9.00004e+06 59265.4
182 9.14945e+06 59684.6
183 9.3005e+06 60104.2
184 9.4532e+06 60523.9
185 9.60757e+06 60944
186 9.76361e+06 61364.3
187 9.92133e+06 61784.9
188 1.00807e+07 62205.7
189 1.02418e+07 62626.8
190 1.04047e+07 63048.1
191 1.05692e+07 63469.7
192 1.07354e+07 63891.5
193 1.09034e+07 64313.6
194 1.10732e+07 64735.9
195 1.12446e+07 65158.4
196 1.14179e+07 65581.2
197 1.15929e+07 66004.2
198 1.17697e+07 66427.4
199 1.19483e+07 66850.9
200 1.21287e+07 67274.6
201 1.23109e+07 67698.5
202 1.24949e+07 68122.6
203 1.26807e+07 68547
204 1.28684e+07 68971.5
205 1.30579e+07 69396.3
206 1.32492e+07 69821.3
207 1.34424e+07 70246.5
208 1.36375e+07 70671.8
209 1.38345e+07 71097.4
210 1.40333e+07 71523.2
211 1.42341e+07 71949.2
212 1.44367e+07 72375.4
213 1.46413e+07 72801.8
214 1.48478e+07 73228.4
215 1.50562e+07 73655.1
216 1.52666e+07 74082.1
217 1.54789e+07 74509.2
218 1.56932e+07 74936.5
219 1.59094e+07 75364
220 1.61276e+07 75791.7
221 1.63478e+07 76219.6
222 1.657e+07 76647.6
223 1.67942e+07 77075.8
224 1.70205e+07 77504.2
225 1.72487e+07 77932.7
226 1.7479e+07 78361.5
227 1.77113e+07 78790.4
228 1.79457e+07 79219.4
229 1.81821e+07 79648.6
230 1.84206e+07 80078
231 1.86611e+07 80507.6
232 1.89038e+07 80937.3
233 1.91485e+07 81367.1
234 1.93954e+07 81797.1
235 1.96443e+07 82227.3
236 1.98954e+07 82657.6
237 2.01486e+07 83088.1
238 2.0404e+07 83518.7
239 2.06615e+07 83949.5
240 2.09212e+07 84380.4
241 2.1183e+07 84811.5
242 2.1447e+07 85242.7
243 2.17132e+07 85674.1
244 2.19815e+07 86105.6
245 2.22521e+07 86537.2
246 2.25249e+07 86969
247 2.27999e+07 87400.9
248 2.30772e+07 87832.9
249 2.33566e+07 88265.1
250 2.36384e+07 88697.4
251 2.39224e+07 89129.9
252 2.42086e+07 89562.5
253 2.44971e+07 89995.2
254 2.47879e+07 90428
255 2.5081e+07 90861
256 2.53764e+07 91294.1
257 2.56741e+07 91727.3
258 2.59742e+07 92160.6
259 2.62765e+07 92594.1
260 2.65812e+07 93027.7
261 2.68883e+07 93461.4
262 2.71977e+07 93895.2
263 2.75094e+07 94329.2
264 2.78236e+07 94763.2
265 2.81401e+07 95197.4
266 2.8459e+07 95631.7
267 2.87803e+07 96066.1
268 2.9104e+07 96500.6
269 2.94302e+07 96935.3
270 2.97587e+07 97370
271 3.00897e+07 97804.9
272 3.04232e+07 98239.8
273 3.07591e+07 98674.9
274 3.10974e+07 99110.1
275 3.14383e+07 99545.4
276 3.17816e+07 99980.8
277 3.21274e+07 100416
278 3.24757e+07 100852
279 3.28265e+07 101288
280 3.31799e+07 101723
281 3.35357e+07 102159
282 3.38941e+07 102595
283 3.42551e+07 103031
284 3.46186e+07 103468
285 3.49846e+07 103904
286 3.53532e+07 104340
287 3.57245e+07 104777
288 3.60983e+07 105213
289 3.64746e+07 105650
290 3.68537e+07 106087
291 3.72353e+07 106524
292 3.76195e+07 106961
293 3.80064e+07 107398
294 3.83959e+07 107835
295 3.87881e+07 108272
296 3.91829e+07 108709
297 3.95804e+07 109147
298 3.99806e+07 109584
299 4.03835e+07 110022
300 4.07891e+07 110460
301 4.11974e+07 110897
302 4.16083e+07 111335
303 4.20221e+07 111773
304 4.24385e+07 112211
305 4.28577e+07 112649
306 4.32797e+07 113087
307 4.37044e+07 113526
308 4.41318e+07 113964
309 4.45621e+07 114402
310 4.49951e+07 114841
311 4.5431e+07 115279
312 4.58696e+07 115718
313 4.63111e+07 116157
314 4.67554e+07 116596
315 4.72025e+07 117034
316 4.76524e+07 117473
317 4.81052e+07 117912
318 4.85609e+07 118352
319 4.90194e+07 118791
320 4.94808e+07 119230
321 4.99451e+07 119669
322 5.04123e+07 120109
323 5.08824e+07 120548
324 5.13554e+07 120988
325 5.18314e+07 121427
326 5.23102e+07 121867
327 5.2792e+07 122307
328 5.32768e+07 122747
329 5.37645e+07 123186
330 5.42552e+07 123626
331 5.47488e+07 124066
332 5.52455e+07 124507
333 5.57451e+07 124947
334 5.62477e+07 125387
335 5.67534e+07 125827
336 5.72621e+07 126268
337 5.77738e+07 126708
338 5.82885e+07 127148
339 5.88063e+07 127589
340 5.93272e+07 128030
341 5.98511e+07 128470
342 6.03781e+07 128911
343 6.09081e+07 129352
344 6.14413e+07 129793
345 6.19776e+07 130234
346 6.2517e+07 130675
347 6.30595e+07 131116
348 6.36051e+07 131557
349 6.41539e+07 131998
350 6.47058e+07 132439
351 6.52608e+07 132880
352 6.58191e+07 133322
353 6.63805e+07 133763
354 6.69451e+07 134205
355 6.75129e+07 134646
356 6.80839e+07 135088
357 6.86581e+07 135529
358 6.92355e+07 135971
359 6.98161e+07 136413
360 7.04e+07 136854
361 7.09872e+07 137296
362 7.15776e+07 137738
363 7.21712e+07 138180
364 7.27681e+07 138622
365 7.33683e+07 139064
366 7.39718e+07 139506
367 7.45786e+07 139948
368 7.51887e+07 140391
369 7.58022e+07 140833
370 7.64189e+07 141275
371 7.7039e+07 141717
372 7.76625e+07 142160
373 7.82893e+07 142602
374 7.89194e+07 143045
375 7.95529e+07 143487
376 8.01898e+07 143930
377 8.08301e+07 144373
378 8.14738e+07 144815
379 8.21209e+07 145258
380 8.27715e+07 145701
381 8.34254e+07 146144
382 8.40828e+07 146587
383 8.47436e+07 147030
384 8.54079e+07 147473
385 8.60757e+07 147916
386 8.67469e+07 148359
387 8.74216e+07 148802
388 8.80998e+07 149245
389 8.87815e+07 149688
390 8.94667e+07 150131
391 9.01554e+07 150575
392 9.08476e+07 151018
393 9.15434e+07 151461
394 9.22427e+07 151905
395 9.29455e+07 152348
396 9.3652e+07 152792
397 9.4362e+07 153235
398 9.50755e+07 153679
399 9.57927e+07 154123
400 9.65135e+07 154566
401 9.72378e+07 155010
402 9.79658e+07 155454
403 9.86974e+07 155898
404 9.94327e+07 156342
405 1.00172e+08 156785
406 1.00914e+08 157229
407 1.0166e+08 157673
408 1.0241e+08 158117
409 1.03164e+08 158561
410 1.03921e+08 159006
411 1.04682e+08 159450
412 1.05446e+08 159894
413 1.06215e+08 160338
414 1.06987e+08 160782
415 1.07763e+08 161227
416 1.08542e+08 161671
417 1.09326e+08 162115
418 1.10113e+08 162560
419 1.10903e+08 163004
420 1.11698e+08 163449
421 1.12496e+08 163893
422 1.13299e+08 164338
423 1.14105e+08 164782
424 1.14914e+08 165227
425 1.15728e+08 165671
426 1.16545e+08 166116
427 1.17367e+08 166561
428 1.18192e+08 167006
429 1.19021e+08 167450
430 1.19854e+08 167895
431 1.20691e+08 168340
432 1.21531e+08 168785
433 1.22376e+08 169230
434 1.23224e+08 169675
435 1.24076e+08 170120
436 1.24933e+08 170565
437 1.25793e+08 171010
438 1.26657e+08 171455
439 1.27525e+08 171900
440 1.28397e+08 172345
441 1.29273e+08 172790
442 1.30153e+08 173236
443 1.31037e+08 173681
444 1.31925e+08 174126
445 1.32817e+08 174572
446 1.33713e+08 175017
447 1.34613e+08 175462
448 1.35517e+08 175908
449 1.36425e+08 176353
450 1.37337e+08 176799
451 1.38253e+08 177244
452 1.39174e+08 177690
453 1.40098e+08 178135
454 1.41026e+08 178581
455 1.41959e+08 179026
456 1.42895e+08 179472
457 1.43836e+08 179918
458 1.44781e+08 180364
459 1.4573e+08 180809
460 1.46683e+08 181255
461 1.4764e+08 181701
462 1.48601e+08 182147
463 1.49567e+08 182593
464 1.50537e+08 183038
465 1.51511e+08 183484
466 1.52489e+08 183930
467 1.53471e+08 184376
468 1.54457e+08 184822
469 1.55448e+08 185268
470 1.56443e+08 185714
471 1.57442e+08 186160
472 1.58446e+08 186607
473 1.59453e+08 187053
474 1.60465e+08 187499
475 1.61482e+08 187945
476 1.62502e+08 188391
477 1.63527e+08 188837
478 1.64556e+08 189284
479 1.65589e+08 189730
480 1.66627e+08 190176
481 1.67669e+08 190623
482 1.68715e+08 191069
483 1.69766e+08 191515
484 1.70821e+08 191962
485 1.71881e+08 192408
486 1.72945e+08 192855
487 1.74013e+08 193301
488 1.75085e+08 193748
489 1.76162e+08 194194
490 1.77244e+08 194641
491 1.78329e+08 195088
492 1.7942e+08 195534
493 1.80514e+08 195981
494 1.81613e+08 196428
495 1.82717e+08 196874
496 1.83825e+08 197321
497 1.84937e+08 197768
498 1.86054e+08 198214
499 1.87176e+08 198661
500 1.88302e+08 199108
501 1.89432e+08 199555
502 1.90567e+08 200002
503 1.91707e+08 200449
504 1.92851e+08 200896
505 1.93999e+08 201342
506 1.95153e+08 201789
507 1.9631e+08 202236
508 1.97472e+08 202683
509 1.98639e+08 203130
510 1.99811e+08 203577
511 2.00987e+08 204024
512 2.02167e+08 204472
513 2.03353e+08 204919
514 2.04542e+08 205366
515 2.05737e+08 205813
516 2.06936e+08 206260
517 2.0814e+08 206707
518 2.09348e+08 207155
519 2.10561e+08 207602
520 2.11779e+08 208049
521 2.13002e+08 208496
522 2.14229e+08 208944
523 2.15461e+08 209391
524 2.16697e+08 209838
525 2.17939e+08 210286
526 2.19185e+08 210733
527 2.20435e+08 211180
528 2.21691e+08 211628
529 2.22951e+08 212075
530 2.24216e+08 212523
531 2.25486e+08 212970
532 2.26761e+08 213418
533 2.2804e+08 213865
534 2.29324e+08 214313
535 2.30613e+08 214760
536 2.31907e+08 215208
537 2.33206e+08 215655
538 2.3451e+08 216103
539 2.35818e+08 216551
540 2.37131e+08 216998
541 2.38449e+08 217446
542 2.39772e+08 217894
543 2.411e+08 218341
544 2.42433e+08 218789
545 2.4377e+08 219237
546 2.45113e+08 219685
547 2.46461e+08 220132
548 2.47813e+08 220580
549 2.4917e+08 221028
550 2.50533e+08 221476
551 2.519e+08 221924
552 2.53272e+08 222372
553 2.54649e+08 222820
554 2.56031e+08 223267
555 2.57419e+08 223715
556 2.58811e+08 224163
557 2.60208e+08 224611
558 2.6161e+08 225059
559 2.63017e+08 225507
560 2.6443e+08 225955
561 2.65847e+08 226403
562 2.67269e+08 226851
563 2.68697e+08 227299
564 2.70129e+08 227748
565 2.71567e+08 228196
566 2.7301e+08 228644
567 2.74457e+08 229092
568 2.7591e+08 229540
569 2.77368e+08 229988
570 2.78831e+08 230436
571 2.803e+08 230885
572 2.81773e+08 231333
573 2.83252e+08 231781
574 2.84735e+08 232229
575 2.86224e+08 232678
576 2.87718e+08 233126
577 2.89218e+08 233574
578 2.90722e+08 234022
579 2.92232e+08 234471
580 2.93747e+08 234919
581 2.95267e+08 235367
582 2.96792e+08 235816
583 2.98323e+08 236264
584 2.99859e+08 236713
585 3.014e+08 237161
586 3.02946e+08 237609
587 3.04498e+08 238058
588 3.06055e+08 238506
589 3.07617e+08 238955
590 3.09185e+08 239403
591 3.10758e+08 239852
592 3.12336e+08 240300
593 3.13919e+08 240749
594 3.15508e+08 241198
595 3.17102e+08 241646
596 3.18702e+08 242095
597 3.20307e+08 242543
598 3.21917e+08 242992
599 3.23533e+08 243441
600 3.25154e+08 243889
601 3.26781e+08 244338
602 3.28413e+08 244786
603 3.3005e+08 245235
604 3.31693e+08 245684
605 3.33341e+08 246133
606 3.34995e+08 246581
607 3.36654e+08 247030
608 3.38319e+08 247479
609 3.39989e+08 247928
610 3.41665e+08 248376
611 3.43346e+08 248825
612 3.45032e+08 249274
613 3.46724e+08 249723
614 3.48422e+08 250172
615 3.50125e+08 250620
616 3.51834e+08 251069
617 3.53548e+08 251518
618 3.55268e+08 251967
619 3.56993e+08 252416
620 3.58724e+08 252865
621 3.60461e+08 253314
622 3.62203e+08 253763
623 3.63951e+08 254212
624 3.65704e+08 254661
625 3.67463e+08 255110
626 3.69228e+08 255559
627 3.70998e+08 256008
628 3.72774e+08 256457
629 3.74556e+08 256906
630 3.76343e+08 257355
631 3.78136e+08 257804
632 3.79935e+08 258253
633 3.81739e+08 258702
634 3.83549e+08 259151
635 3.85365e+08 259600
636 3.87186e+08 260049
637 3.89013e+08 260498
638 3.90846e+08 260948
639 3.92685e+08 261397
640 3.94529e+08 261846
641 3.96379e+08 262295
642 3.98235e+08 262744
643 4.00097e+08 263193
644 4.01965e+08 263643
645 4.03838e+08 264092
646 4.05717e+08 264541
647 4.07602e+08 264990
648 4.09493e+08 265440
649 4.11389e+08 265889
650 4.13292e+08 266338
651 4.152e+08 266788
652 4.17115e+08 267237
653 4.19035e+08 267686
654 4.20961e+08 268135
655 4.22892e+08 268585
656 4.2483e+08 269034
657 4.26774e+08 269484
658 4.28723e+08 269933
659 4.30679e+08 270382
660 4.3264e+08 270832
661 4.34608e+08 271281
662 4.36581e+08 271731
663 4.38561e+08 272180
664 4.40546e+08 272629
665 4.42537e+08 273079
666 4.44534e+08 273528
667 4.46538e+08 273978
668 4.48547e+08 274427
669 4.50562e+08 274877
670 4.52584e+08 275326
671 4.54611e+08 275776
672 4.56644e+08 276225
673 4.58684e+08 276675
674 4.60729e+08 277124
675 4.62781e+08 277574
676 4.64839e+08 278024
677 4.66902e+08 278473
678 4.68972e+08 278923
679 4.71048e+08 279372
680 4.7313e+08 279822
681 4.75218e+08 280272
682 4.77313e+08 280721
683 4.79413e+08 281171
684 4.8152e+08 281620
685 4.83633e+08 282070
686 4.85752e+08 282520
687 4.87877e+08 282969
688 4.90008e+08 283419
689 4.92146e+08 283869
690 4.9429e+08 284319
691 4.9644e+08 284768
692 4.98596e+08 285218
693 5.00758e+08 285668
694 5.02927e+08 286117
695 5.05102e+08 286567
696 5.07283e+08 287017
697 5.09471e+08 287467
698 5.11664e+08 287917
699 5.13864e+08 288366
700 5.16071e+08 288816
701 5.18283e+08 289266
702 5.20502e+08 289716
703 5.22728e+08 290166
704 5.24959e+08 290615
705 5.27197e+08 291065
706 5.29441e+08 291515
707 5.31692e+08 291965
708 5.33949e+08 292415
709 5.36213e+08 292865
710 5.38482e+08 293315
711 5.40759e+08 293765
712 5.43041e+08 294215
713 5.4533e+08 294664
714 5.47626e+08 295114
715 5.49927e+08 295564
716 5.52236e+08 296014
717 5.54551e+08 296464
718 5.56872e+08 296914
719 5.59199e+08 297364
720 5.61534e+08 297814
721 5.63874e+08 298264
722 5.66221e+08 298714
723 5.68575e+08 299164
724 5.70935e+08 299614
725 5.73302e+08 300064
726 5.75675e+08 300514
727 5.78055e+08 300964
728 5.80441e+08 301414
729 5.82834e+08 301864
730 5.85234e+08 302314
731 5.8764e+08 302765
732 5.90052e+08 303215
733 5.92471e+08 303665
734 5.94897e+08 304115
735 5.9733e+08 304565
736 5.99769e+08 305015
737 6.02214e+08 305465
738 6.04667e+08 305915
739 6.07126e+08 306366
740 6.09591e+08 306816
741 6.12063e+08 307266
742 6.14542e+08 307716
743 6.17028e+08 308166
744 6.1952e+08 308616
745 6.22019e+08 309067
746 6.24525e+08 309517
747 6.27038e+08 309967
748 6.29557e+08 310417
749 6.32083e+08 310867
750 6.34615e+08 311318
751 6.37155e+08 311768
752 6.39701e+08 312218
753 6.42254e+08 312668
754 6.44814e+08 313119
755 6.4738e+08 313569
756 6.49954e+08 314019
757 6.52534e+08 314469
758 6.55121e+08 314920
759 6.57715e+08 315370
760 6.60315e+08 315820
761 6.62923e+08 316271
762 6.65537e+08 316721
763 6.68158e+08 317171
764 6.70786e+08 317622
765 6.73421e+08 318072
766 6.76063e+08 318522
767 6.78712e+08 318973
768 6.81368e+08 319423
769 6.8403e+08 319873
770 6.867e+08 320324
771 6.89376e+08 320774
772 6.9206e+08 321225
773 6.9475e+08 321675
774 6.97447e+08 322125
775 7.00152e+08 322576
776 7.02863e+08 323026
777 7.05581e+08 323477
778 7.08306e+08 323927
779 7.11039e+08 324378
780 7.13778e+08 324828
781 7.16524e+08 325279
782 7.19278e+08 325729
783 7.22038e+08 326180
784 7.24805e+08 326630
785 7.2758e+08 327080
786 7.30361e+08 327531
787 7.3315e+08 327981
788 7.35946e+08 328432
789 7.38749e+08 328882
790 7.41559e+08 329333
791 7.44376e+08 329784
792 7.472e+08 330234
793 7.50031e+08 330685
794 7.5287e+08 331135
795 7.55715e+08 331586
796 7.58568e+08 332036
797 7.61428e+08 332487
798 7.64295e+08 332937
799 7.6717e+08 333388
800 7.70051e+08 333839
801 7.7294e+08 334289
802 7.75836e+08 334740
803 7.78739e+08 335190
804 7.81649e+08 335641
805 7.84567e+08 336092
806 7.87492e+08 336542
807 7.90424e+08 336993
808 7.93363e+08 337444
809 7.9631e+08 337894
810 7.99264e+08 338345
811 8.02225e+08 338796
812 8.05194e+08 339246
813 8.0817e+08 339697
814 8.11153e+08 340148
815 8.14144e+08 340598
816 8.17142e+08 341049
817 8.20147e+08 341500
818 8.23159e+08 341950
819 8.26179e+08 342401
820 8.29207e+08 342852
821 8.32242e+08 343302
822 8.35284e+08 343753
823 8.38333e+08 344204
824 8.4139e+08 344655
825 8.44455e+08 345105
826 8.47526e+08 345556
827 8.50606e+08 346007
828 8.53692e+08 346458
829 8.56787e+08 346908
830 8.59888e+08 347359
831 8.62997e+08 347810
832 8.66114e+08 348261
833 8.69238e+08 348712
834 8.7237e+08 349162
835 8.75509e+08 349613
836 8.78655e+08 350064
837 8.81809e+08 350515
838 8.84971e+08 350966
839 8.8814e+08 351416
840 8.91317e+08 351867
841 8.94502e+08 352318
842 8.97693e+08 352769
843 9.00893e+08 353220
844 9.041e+08 353671
845 9.07315e+08 354122
846 9.10537e+08 354572
847 9.13767e+08 355023
848 9.17005e+08 355474
849 9.2025e+08 355925
850 9.23503e+08 356376
851 9.26763e+08 356827
852 9.30031e+08 357278
853 9.33307e+08 357729
854 9.36591e+08 358179
855 9.39882e+08 358630
856 9.43181e+08 359081
857 9.46488e+08 359532
858 9.49802e+08 359983
859 9.53124e+08 360434
860 9.56454e+08 360885
861 9.59792e+08 361336
862 9.63137e+08 361787
863 9.6649e+08 362238
864 9.69851e+08 362689
865 9.7322e+08 363140
866 9.76596e+08 363591
867 9.7998e+08 364042
868 9.83372e+08 364493
869 9.86772e+08 364944
870 9.9018e+08 365395
871 9.93595e+08 365846
872 9.97019e+08 366297
873 1.00045e+09 366748
874 1.00389e+09 367199
875 1.00734e+09 367650
876 1.01079e+09 368101
877 1.01425e+09 368552
878 1.01772e+09 369003
879 1.0212e+09 369454
880 1.02469e+09 369905
881 1.02818e+09 370356
882 1.03169e+09 370807
883 1.0352e+09 371258
884 1.03871e+09 371709
885 1.04224e+09 372160
886 1.04578e+09 372611
887 1.04932e+09 373062
888 1.05287e+09 373514
889 1.05643e+09 373965
890 1.05999e+09 374416
891 1.06357e+09 374867
892 1.06715e+09 375318
893 1.07074e+09 375769
894 1.07434e+09 376220
895 1.07794e+09 376671
896 1.08156e+09 377122
897 1.08518e+09 377574
898 1.08881e+09 378025
899 1.09245e+09 378476
900 1.0961e+09 378927
901 1.09975e+09 379378
902 1.10341e+09 379829
903 1.10708e+09 380280
904 1.11076e+09 380732
905 1.11445e+09 381183
906 1.11815e+09 381634
907 1.12185e+09 382085
908 1.12556e+09 382536
909 1.12928e+09 382987
910 1.13301e+09 383439
911 1.13675e+09 383890
912 1.14049e+09 384341
913 1.14424e+09 384792
914 1.148e+09 385243
915 1.15177e+09 385695
916 1.15555e+09 386146
917 1.15934e+09 386597
918 1.16313e+09 387048
919 1.16693e+09 387500
920 1.17074e+09 387951
921 1.17456e+09 388402
922 1.17839e+09 388853
923 1.18223e+09 389304
924 1.18607e+09 389756
925 1.18992e+09 390207
926 1.19378e+09 390658
927 1.19765e+09 391110
928 1.20153e+09 391561
929 1.20541e+09 392012
930 1.20931e+09 392463
931 1.21321e+09 392915
932 1.21712e+09 393366
933 1.22104e+09 393817
934 1.22497e+09 394268
935 1.2289e+09 394720
936 1.23285e+09 395171
937 1.2368e+09 395622
938 1.24076e+09 396074
939 1.24473e+09 396525
940 1.24871e+09 396976
941 1.25269e+09 397428
942 1.25669e+09 397879
943 1.26069e+09 398330
944 1.2647e+09 398782
945 1.26872e+09 399233
946 1.27275e+09 399684
947 1.27679e+09 400136
948 1.28084e+09 400587
949 1.28489e+09 401038
950 1.28895e+09 401490
951 1.29303e+09 401941
952 1.29711e+09 402392
953 1.30119e+09 402844
954 1.30529e+09 403295
955 1.3094e+09 403747
956 1.31351e+09 404198
957 1.31764e+09 404649
958 1.32177e+09 405101
959 1.32591e+09 405552
960 1.33006e+09 406004
961 1.33421e+09 406455
962 1.33838e+09 406906
963 1.34256e+09 407358
964 1.34674e+09 407809
965 1.35093e+09 408261
966 1.35513e+09 408712
967 1.35934e+09 409163
968 1.36356e+09 409615
969 1.36779e+09 410066
970 1.37202e+09 410518
971 1.37627e+09 410969
972 1.38052e+09 411421
973 1.38478e+09 411872
974 1.38906e+09 412324
975 1.39333e+09 412775
976 1.39762e+09 413226
977 1.40192e+09 413678
978 1.40623e+09 414129
979 1.41054e+09 414581
980 1.41487e+09 415032
981 1.4192e+09 415484
982 1.42354e+09 415935
983 1.42789e+09 416387
984 1.43225e+09 416838
985 1.43662e+09 417290
986 1.44099e+09 417741
987 1.44538e+09 418193
988 1.44977e+09 418644
989 1.45418e+09 419096
990 1.45859e+09 419547
991 1.46301e+09 419999
992 1.46744e+09 420450
993 1.47188e+09 420902
994 1.47633e+09 421353
995 1.48078e+09 421805
996 1.48525e+09 422256
997 1.48973e+09 422708
998 1.49421e+09 423160
999 1.4987e+09 423611
