40 0 4 8
s1/1.pgm   45   55  90 110 0 s1 164.246216 12.207595 162.170517 15.665434 165.068665 14.280303 148.175156 30.566473 
s2/1.pgm   45   55  90 110 1 s2 133.807770 23.494171 141.836151 25.348429 143.003708 22.036488 131.843292 25.723972 
s3/1.pgm   45   55  90 110 2 s3 155.095032 28.397026 150.126343 34.943817 143.341217 33.766514 122.985558 36.137066 
s4/1.pgm   45   55  90 110 3 s4 138.652267 35.808899 142.709290 34.788982 147.059616 31.741465 124.024895 39.497803 
s1/2.pgm   45   55  90 110 0 s1 153.250534 15.541435 159.029785 15.054835 160.481094 16.513071 160.637817 15.574809 
s2/2.pgm   45   55  90 110 1 s2 131.574509 26.036619 142.688751 25.779142 143.935043 21.743170 132.761124 25.727121 
s3/2.pgm   45   55  90 110 2 s3 145.187912 33.411034 158.482788 30.390764 143.607056 33.330513 123.285049 36.565914 
s4/2.pgm   45   55  90 110 3 s4 135.276459 31.950693 144.425262 34.315624 146.861511 31.626852 124.586098 39.185040 
s1/3.pgm   45   55  90 110 0 s1 162.054001 11.888687 160.757568 14.868780 164.697052 15.136467 151.657806 26.622993 
s2/3.pgm   45   55  90 110 1 s2 134.537796 23.153114 143.411911 25.774082 143.562973 23.677702 131.810532 26.921515 
s3/3.pgm   45   55  90 110 2 s3 145.533478 34.217560 157.012833 30.206251 145.877060 31.346050 124.841606 36.075615 
s4/3.pgm   45   55  90 110 3 s4 134.531311 29.177717 144.562912 33.407509 147.000702 31.544182 125.173485 38.888664 
s1/4.pgm   45   55  90 110 0 s1 170.479477 13.068811 167.866974 19.223993 165.031540 23.885977 157.506378 27.491497 
s2/4.pgm   45   55  90 110 1 s2 132.058319 25.330006 140.560349 26.269268 141.022034 22.354507 130.628143 25.335857 
s3/4.pgm   45   55  90 110 2 s3 135.168472 27.353003 151.039032 29.522036 144.862915 33.105743 126.650970 35.999786 
s4/4.pgm   45   55  90 110 3 s4 161.542114 24.242683 162.215210 28.899038 162.325211 25.218067 134.773117 39.419575 
s1/5.pgm   45   55  90 110 0 s1 167.980560 18.191389 169.423721 19.453344 168.468109 19.076639 160.678192 25.592752 
s2/5.pgm   45   55  90 110 1 s2 132.807770 23.559301 139.755524 24.468887 141.893066 21.803528 134.788345 22.644577 
s3/5.pgm   45   55  90 110 2 s3 140.974075 30.987736 150.525421 27.876595 142.517517 34.417557 126.694443 37.309288 
s4/5.pgm   45   55  90 110 3 s4 151.740814 26.511389 167.843353 25.736776 162.289490 25.025093 136.979233 39.091354 
s1/6.pgm   45   55  90 110 0 s1 154.660904 15.740811 160.981506 15.065249 162.717010 14.284491 157.023605 18.768559 
s2/6.pgm   45   55  90 110 1 s2 133.174942 25.973494 143.200302 26.268787 143.544647 23.108772 131.306335 27.776346 
s3/6.pgm   45   55  90 110 2 s3 168.723541 23.026361 168.341553 27.632299 159.866394 28.791904 134.227142 39.015141 
s4/6.pgm   45   55  90 110 3 s4 150.913605 27.151024 169.382126 24.672531 164.946182 24.786182 141.662964 36.606396 
s1/7.pgm   45   55  90 110 0 s1 164.084229 14.637331 157.608109 17.854141 162.196701 15.948453 154.075073 22.998468 
s2/7.pgm   45   55  90 110 1 s2 134.758102 24.826406 140.194138 27.430691 140.570633 26.424736 131.003357 27.978611 
s3/7.pgm   45   55  90 110 2 s3 164.047516 26.016989 170.233688 25.662399 156.740433 31.367956 130.328125 41.785500 
s4/7.pgm   45   55  90 110 3 s4 161.507553 24.125811 161.394974 29.131014 161.454193 25.345278 132.747192 39.965858 
s1/8.pgm   45   55  90 110 0 s1 165.285095 20.868830 163.492035 20.221533 163.695435 22.912046 149.435959 34.452328 
s2/8.pgm   45   55  90 110 1 s2 133.123108 24.878448 141.412430 27.118696 141.699142 25.552580 131.695862 27.425833 
s3/8.pgm   45   55  90 110 2 s3 163.909286 25.031773 169.164871 25.404963 158.111115 29.776747 131.534637 40.533432 
s4/8.pgm   45   55  90 110 3 s4 138.825058 31.485905 142.965591 34.094715 148.132690 32.028297 127.260025 38.199791 
s1/9.pgm   45   55  90 110 0 s1 163.719223 18.880388 164.844894 19.581810 165.045471 20.158926 153.380371 32.097012 
s2/9.pgm   45   55  90 110 1 s2 138.045349 24.202156 139.778641 28.877504 140.992111 25.245911 129.675354 29.141344 
s3/9.pgm   45   55  90 110 2 s3 172.477325 19.301924 166.330765 27.952112 159.261185 27.585979 132.105759 39.695995 
s4/9.pgm   45   55  90 110 3 s4 134.667389 36.005001 143.760147 35.520214 147.228256 31.702936 124.946342 38.863949 
s1/10.pgm   45   55  90 110 0 s1 151.017273 16.411663 167.657425 19.960817 166.585709 20.089800 152.703339 29.806065 
s2/10.pgm   45   55  90 110 1 s2 134.367172 24.697069 141.581924 26.944799 142.778015 25.141768 133.934097 26.125383 
s3/10.pgm   45   55  90 110 2 s3 172.425491 20.793772 167.369797 26.534161 158.407333 28.005703 131.576035 40.003426 
s4/10.pgm   45   55  90 110 3 s4 154.051834 29.814209 174.389313 19.712296 160.600098 26.389126 134.359467 40.816032 
\end
