384 0 2 8
coin5-01.pgm   76   61  70  70 0 5t 51.000000 56.560001 45.986641 46.872753 38.505451 40.832443 50.346004 47.542992 
coin5-01.pgm  205   62  70  70 0 5t 55.866665 54.564739 48.059608 40.800346 52.458511 44.643490 53.905754 42.890701 
coin5-01.pgm  345   65  70  70 0 5t 48.275555 52.054401 42.266186 41.652191 42.609768 43.840191 49.212185 46.435406 
coin5-01.pgm  497   67  70  70 0 5t 47.817780 43.426529 41.832478 35.799442 43.031769 39.328308 49.031761 42.851471 
coin5-01.pgm   68  199  70  70 0 5t 50.195557 50.722569 45.503597 42.763596 40.982456 38.879089 52.250717 47.023609 
coin5-01.pgm  201  206  70  70 0 5t 48.022221 43.008987 45.988693 37.815716 49.223328 41.740055 51.159332 40.934078 
coin5-01.pgm  494  215  70  70 0 5t 48.071110 52.342400 38.516956 37.016926 37.858700 37.826702 45.472534 42.323059 
coin5-01.pgm  341  217  70  70 0 5t 49.524445 50.017422 40.653648 38.376823 34.624939 34.281918 45.894299 41.771660 
coin5-01.pgm   59  344  70  70 1 5h 25.906666 11.723496 24.252827 15.401837 29.794689 29.931444 44.871387 42.960148 
coin5-01.pgm  189  353  70  70 1 5h 13.044444 7.970370 16.757452 13.546117 24.972025 28.117964 40.576935 41.125202 
coin5-01.pgm  492  356  70  70 1 5h 25.422222 11.633185 25.743063 13.742915 33.202938 25.302801 43.911743 37.439163 
coin5-01.pgm  336  359  70  70 1 5h 29.799999 12.380445 29.102776 14.466486 34.568043 23.252489 42.800312 32.500076 
coin5-01.pgm   57  485  70  70 1 5h 21.737778 12.225383 22.725592 14.828379 31.130867 29.862455 42.579277 38.267445 
coin5-01.pgm  193  493  70  70 1 5h 35.764446 16.398104 30.762590 16.160595 37.379326 31.077934 44.967197 37.742401 
coin5-01.pgm  335  498  70  70 1 5h 18.982222 12.385185 18.881809 15.191278 31.727833 35.913715 40.830513 41.251976 
coin5-01.pgm  489  502  70  70 1 5h 20.208889 14.566676 17.964029 14.033568 26.152679 29.870266 40.309555 42.774147 
coin5-02.pgm   73   62  70  70 0 5t 44.115555 39.886734 46.949642 43.825386 39.289238 38.911751 48.505596 45.355400 
coin5-02.pgm  209   72  70  70 0 5t 46.919998 38.223644 51.069885 40.429714 47.996208 35.960808 53.231190 41.000648 
coin5-02.pgm  339   74  70  70 0 5t 42.671112 38.717155 42.881809 39.813030 44.208157 43.683430 50.639416 46.324738 
coin5-02.pgm  481   80  70  70 0 5t 41.368889 35.830795 41.441933 35.450947 37.963963 31.593872 49.675346 41.897221 
coin5-02.pgm   67  195  70  70 0 5t 48.431110 42.966084 47.046249 40.371292 42.236607 34.803127 49.075241 41.164387 
coin5-02.pgm  197  207  70  70 0 5t 47.533333 32.443851 50.613567 38.453377 45.991940 34.763554 49.975266 38.740665 
coin5-02.pgm  330  213  70  70 0 5t 40.959999 36.783646 40.391571 37.507954 37.894737 36.484688 45.531372 40.471310 
coin5-02.pgm  482  215  70  70 0 5t 32.115555 31.011200 36.711201 35.619957 34.596966 33.853630 45.345745 41.655613 
coin5-02.pgm   66  340  70  70 1 5h 26.257778 11.705166 28.149023 18.447783 33.072548 32.407585 43.919292 40.975533 
coin5-02.pgm  191  350  70  70 1 5h 12.084444 6.570943 18.243576 15.492668 23.128496 25.869894 38.727154 39.461578 
coin5-02.pgm  336  360  70  70 1 5h 28.342222 11.764583 32.003082 17.991678 33.266476 23.175014 45.074982 35.216583 
coin5-02.pgm  471  364  70  70 1 5h 27.951111 11.270558 29.286741 15.943836 32.696537 24.229382 45.586826 38.313564 
coin5-02.pgm   58  492  70  70 1 5h 20.391111 10.223526 25.850977 18.897472 30.543859 30.144278 41.410572 37.944492 
coin5-02.pgm  186  500  70  70 1 5h 33.448891 12.008060 33.465569 18.904665 34.208630 27.311346 44.627441 38.238178 
coin5-02.pgm  332  503  70  70 1 5h 16.457777 9.508899 23.404934 19.992521 32.084873 36.269684 42.244728 41.457329 
coin5-02.pgm  473  506  70  70 1 5h 14.160000 6.194844 19.976362 15.548576 25.577524 28.472891 42.410049 43.464066 
coin5-03.pgm  207   61  70  70 0 5t 61.742222 58.202824 50.014389 42.111900 46.511143 36.078056 51.832596 40.697731 
coin5-03.pgm  478   65  70  70 0 5t 48.528889 43.712196 42.151077 33.504536 36.801327 29.235378 49.995052 41.034481 
coin5-03.pgm   77   65  70  70 0 5t 51.626667 54.619022 44.486126 44.760956 35.062588 36.306854 46.268421 44.410164 
coin5-03.pgm  340   66  70  70 0 5t 55.164444 56.570194 44.541622 45.274090 36.882408 36.331215 48.617287 45.347332 
coin5-03.pgm   75  197  70  70 0 5t 59.911110 58.114372 47.517986 44.433712 40.493126 34.938641 48.488415 42.559372 
coin5-03.pgm  202  204  70  70 0 5t 63.857777 55.119564 50.524151 41.748028 43.834045 34.836006 48.106483 39.440018 
coin5-03.pgm  338  206  70  70 0 5t 44.155556 42.924839 40.174717 36.543434 33.531532 31.229874 44.613644 39.172901 
coin5-03.pgm  482  212  70  70 0 5t 43.822224 46.091259 36.358685 35.733864 30.630156 30.558041 44.746159 41.513256 
coin5-03.pgm   66  331  70  70 1 5h 25.222221 13.041975 28.258993 20.843983 30.966808 32.067924 43.426189 42.672543 
coin5-03.pgm  192  340  70  70 1 5h 11.920000 8.936533 19.859198 19.172016 23.326221 26.969330 39.061703 41.363415 
coin5-03.pgm  334  348  70  70 1 5h 29.271111 14.167744 32.039055 18.696562 35.058323 26.135790 45.529808 36.412708 
coin5-03.pgm  485  354  70  70 1 5h 25.146667 12.181215 29.082220 18.996954 32.949265 26.518908 45.946106 39.349106 
coin5-03.pgm   61  472  70  70 1 5h 22.853333 13.714489 27.054470 20.663521 33.187294 33.686447 41.107784 38.655529 
coin5-03.pgm  189  480  70  70 1 5h 34.533333 20.318222 33.710175 22.011658 35.856804 31.248848 43.336372 37.729366 
coin5-03.pgm  479  486  70  70 1 5h 18.480000 15.420089 21.051388 20.217621 24.899479 29.450394 41.829212 44.019051 
coin5-03.pgm  334  487  70  70 1 5h 17.799999 11.994667 23.172663 22.292191 28.136559 33.461964 41.869305 42.850105 
coin5-04.pgm   77   64  70  70 0 5t 51.075554 45.736137 48.315517 44.057713 41.158367 41.698940 48.088520 45.104321 
coin5-04.pgm  211   70  70  70 0 5t 53.293335 40.585125 52.072971 41.466816 50.048840 39.775444 51.838844 40.483379 
coin5-04.pgm  344   75  70  70 0 5t 44.773335 38.562843 44.344296 40.038528 40.733047 39.356625 47.538662 42.768375 
coin5-04.pgm  489   76  70  70 0 5t 42.711113 32.572445 42.359711 35.530460 38.634899 32.728485 49.681332 42.625927 
coin5-04.pgm   83  197  70  70 0 5t 48.897778 36.552494 47.969166 40.005764 44.843529 37.881706 49.325176 40.852772 
coin5-04.pgm  210  204  70  70 0 5t 49.577778 33.296196 48.189106 36.828640 43.972023 32.642681 49.463421 38.705936 
coin5-04.pgm  348  205  70  70 0 5t 38.200001 31.073778 38.503597 35.428719 33.193455 31.998793 44.258526 40.485458 
coin5-04.pgm  487  216  70  70 0 5t 36.626667 31.311171 39.040081 35.902927 33.224751 31.684000 45.313461 40.922596 
coin5-04.pgm   68  333  70  70 1 5h 25.568890 10.053097 25.808838 15.998840 32.447132 33.309288 43.503513 41.379715 
coin5-04.pgm  196  347  70  70 1 5h 13.328889 8.264256 16.184996 13.461421 25.876719 29.767530 38.473053 39.563450 
coin5-04.pgm  331  349  70  70 1 5h 29.008888 11.573689 29.600206 15.404977 34.604076 25.198826 45.715179 36.327579 
coin5-04.pgm  486  352  70  70 1 5h 27.328888 11.885195 29.067831 16.441978 34.572308 25.703623 46.357979 38.443611 
coin5-04.pgm   63  484  70  70 1 5h 20.391111 11.019259 24.614594 18.699163 28.987198 29.194517 40.640198 38.964497 
coin5-04.pgm  183  487  70  70 1 5h 34.959999 15.532800 33.034943 18.304548 34.986248 28.826134 45.414215 39.410400 
coin5-04.pgm  486  494  70  70 1 5h 15.435555 8.015289 18.558067 15.620009 27.207207 32.009159 42.930489 44.811928 
coin5-04.pgm  333  494  70  70 1 5h 15.662222 8.175684 20.754368 17.103886 30.158369 34.398933 42.427753 42.407936 
coin5-05.pgm  215   66  70  70 0 5t 51.431110 47.871525 47.669064 40.056030 44.839260 36.670036 51.982037 42.343464 
coin5-05.pgm  352   68  70  70 0 5t 52.004444 56.762115 45.277493 46.081120 39.732101 41.767395 50.571728 48.932446 
coin5-05.pgm   85   68  70  70 0 5t 56.102222 65.000534 48.161358 50.439507 38.811760 42.689384 48.445717 47.931713 
coin5-05.pgm  488   72  70  70 0 5t 53.684444 52.297401 42.729702 38.612499 42.167850 38.744232 51.662849 45.640221 
coin5-05.pgm   84  197  70  70 0 5t 50.746666 49.699791 41.796505 37.648884 39.509247 37.087830 47.747982 44.351452 
coin5-05.pgm  204  201  70  70 0 5t 55.662224 51.587833 48.415211 40.826668 43.215740 36.395824 49.499088 41.484596 
coin5-05.pgm  486  202  70  70 0 5t 46.604443 53.417995 38.098663 38.440414 32.995258 33.766449 46.299141 43.615017 
coin5-05.pgm  343  205  70  70 0 5t 42.648888 44.205036 38.579651 38.057407 35.545280 36.875294 46.343399 43.405312 
coin5-05.pgm   76  318  70  70 1 5h 26.942223 13.896652 23.560123 15.955510 34.157894 36.635872 41.974224 41.211761 
coin5-05.pgm  196  330  70  70 1 5h 10.244445 8.168494 14.624871 13.774740 22.433855 27.229563 39.377247 41.209290 
coin5-05.pgm  340  340  70  70 1 5h 29.066668 14.032593 29.067831 15.761604 34.775723 25.163084 46.023430 35.993538 
coin5-05.pgm  486  347  70  70 1 5h 25.537777 13.721560 25.809866 14.511365 31.007113 23.194733 45.092945 38.517563 
coin5-05.pgm   71  471  70  70 1 5h 23.760000 14.283378 23.655704 17.245586 32.220959 33.199673 40.437908 38.160599 
coin5-05.pgm  482  479  70  70 1 5h 18.360001 13.321244 16.581707 14.040434 26.006165 31.256775 41.158813 44.270580 
coin5-05.pgm  346  479  70  70 1 5h 19.088888 14.948148 18.819117 16.218119 28.765291 33.167229 41.181202 41.346973 
coin5-05.pgm  192  479  70  70 1 5h 32.164444 14.223882 28.654676 14.531782 35.729729 30.368767 44.495182 39.719437 
coin5-06.pgm   88   76  70  70 0 5t 44.902222 42.278717 46.621788 43.799580 39.829777 40.552166 48.123924 45.664585 
coin5-06.pgm  478   82  70  70 0 5t 43.511112 38.023903 44.161358 38.439503 39.473209 33.743042 50.025513 42.808117 
coin5-06.pgm  351   86  70  70 0 5t 38.168888 32.945187 43.429600 41.664375 37.440018 35.533306 49.529808 45.823471 
coin5-06.pgm  206   86  70  70 0 5t 44.728889 32.966873 49.793423 39.429413 46.649597 35.385197 51.516010 40.905041 
coin5-06.pgm   78  210  70  70 1 5h 22.235556 10.822795 24.461460 17.156507 32.188240 34.150913 40.594898 40.368607 
coin5-06.pgm  199  218  70  70 1 5h 11.733334 8.543407 16.785200 15.998088 30.086296 36.844357 38.557667 40.982632 
coin5-06.pgm  477  225  70  70 1 5h 25.991112 11.813057 29.576567 17.799492 33.536274 26.269644 45.708149 39.101177 
coin5-06.pgm  337  230  70  70 1 5h 26.666666 11.780741 30.551901 17.577429 32.969181 24.245018 43.475395 35.002880 
coin5-06.pgm   78  343  70  70 0 5t 42.840000 31.971556 47.525181 39.351334 47.213371 39.161427 50.945065 42.142258 
coin5-06.pgm  207  351  70  70 0 5t 49.835556 35.749687 53.010277 41.300938 47.224277 35.872681 51.872169 40.762577 
coin5-06.pgm  475  353  70  70 0 5t 35.128887 34.851398 37.651592 35.987030 32.026554 31.879486 47.034107 43.216198 
coin5-06.pgm  337  356  70  70 0 5t 41.657776 39.630932 42.601234 40.239796 34.402088 33.205219 46.061443 41.173046 
coin5-06.pgm   71  470  70  70 1 5h 19.968889 10.390716 26.042137 18.635736 30.675201 30.105495 40.275711 38.592957 
coin5-06.pgm  192  479  70  70 1 5h 30.604445 11.979733 34.501541 20.686453 35.609295 30.326830 45.482948 40.066711 
coin5-06.pgm  474  484  70  70 1 5h 12.515555 7.481995 16.936279 13.144104 27.667616 32.562298 40.392868 42.552547 
coin5-06.pgm  341  488  70  70 1 5h 14.622222 10.248889 19.377184 15.814957 31.913229 36.435978 42.292633 42.430588 
coin5-07.pgm   78   76  70  70 1 5h 23.751112 12.894617 26.561152 21.316067 26.824087 28.496693 40.828430 41.023304 
coin5-07.pgm  347   80  70  70 1 5h 28.604445 15.315714 30.903391 18.901325 34.672356 26.598894 45.438427 36.731594 
coin5-07.pgm  206   80  70  70 1 5h 11.862223 10.209540 19.272354 19.939264 23.643908 28.568336 38.998177 42.069885 
coin5-07.pgm  481   87  70  70 1 5h 26.924444 14.507575 29.290854 19.682968 31.717876 25.582052 45.891693 39.546841 
coin5-07.pgm   80  199  70  70 0 5t 60.524445 61.059475 46.286743 45.939178 37.518730 39.053017 46.914867 45.390026 
coin5-07.pgm  205  204  70  70 0 5t 54.568890 45.783348 50.563206 41.169231 46.806545 35.125008 51.454571 41.122799 
coin5-07.pgm  483  210  70  70 0 5t 50.382221 43.267792 46.136692 38.600086 39.846848 31.849646 49.608696 40.834385 
coin5-07.pgm  342  212  70  70 0 5t 56.155556 60.001778 42.617676 42.827198 36.252728 35.993675 46.974487 44.443176 
coin5-07.pgm   71  336  70  70 0 5t 58.897778 52.281284 49.210690 44.218330 43.298244 37.153019 51.479824 43.958565 
coin5-07.pgm  207  345  70  70 0 5t 58.017776 50.033543 50.933197 40.966171 44.684212 34.171444 50.532673 40.475388 
coin5-07.pgm  347  346  70  70 0 5t 52.982224 51.299633 42.312435 38.200836 37.866287 34.282997 46.684719 40.233799 
coin5-07.pgm  477  350  70  70 0 5t 41.364445 40.371201 37.004112 36.550369 30.697012 29.806202 46.071594 41.747974 
coin5-07.pgm   70  469  70  70 1 5h 23.026667 14.961422 27.237410 21.570400 30.024656 30.418776 41.241344 40.134148 
coin5-07.pgm  338  472  70  70 1 5h 18.702223 14.123062 23.268242 22.375175 30.083925 35.716595 42.906536 43.516914 
coin5-07.pgm  477  473  70  70 1 5h 18.737778 15.096059 20.568346 19.601898 24.953058 29.516787 41.246552 43.125763 
coin5-07.pgm  198  473  70  70 1 5h 33.573334 18.301985 33.741009 21.787870 36.982456 32.545349 44.441032 39.131538 
coin5-08.pgm   76   77  70  70 1 5h 23.831112 11.111625 24.127441 15.296825 30.288763 31.008226 41.510284 40.066929 
coin5-08.pgm  210   86  70  70 1 5h 13.542222 7.535052 18.890030 15.833754 24.324799 27.936304 38.820621 40.841743 
coin5-08.pgm  346   87  70  70 1 5h 29.422222 12.845827 30.774923 16.786493 32.714081 22.786015 44.180683 34.342968 
coin5-08.pgm  476   88  70  70 1 5h 29.471111 11.526875 29.720451 15.293489 32.921291 23.223438 45.613380 36.725273 
coin5-08.pgm   76  206  70  70 0 5t 49.240002 40.792889 47.885921 43.344177 37.801804 35.697853 46.346523 43.085377 
coin5-08.pgm  202  207  70  70 0 5t 47.924446 31.732899 50.776978 39.282040 45.688953 33.719574 51.224941 39.682388 
coin5-08.pgm  478  212  70  70 0 5t 46.662224 37.780621 42.670094 35.493568 39.633003 33.244728 48.629784 40.886642 
coin5-08.pgm  345  216  70  70 0 5t 47.777779 40.473087 45.366905 42.222954 38.335705 36.485287 48.298359 43.766262 
coin5-08.pgm   74  346  70  70 1 5h 22.804445 9.516247 26.344296 16.110065 34.965862 33.544647 42.987762 38.289288 
coin5-08.pgm  197  348  70  70 1 5h 38.288887 13.328988 36.273380 17.127359 41.281178 32.836605 46.348869 37.239021 
coin5-08.pgm  480  349  70  70 1 5h 16.848888 8.406163 20.190134 16.586660 26.906591 30.017101 42.332726 43.553112 
coin5-08.pgm  335  351  70  70 1 5h 18.173334 7.302874 22.516958 16.243206 31.302513 33.412006 43.486073 41.957054 
coin5-08.pgm   73  462  70  70 0 5t 49.564445 38.038757 48.368961 40.607552 43.349930 35.674957 48.731579 41.385822 
coin5-08.pgm  478  468  70  70 0 5t 41.395557 35.049797 40.880779 37.773075 33.975819 32.120827 47.679512 42.828968 
coin5-08.pgm  336  468  70  70 0 5t 36.982224 28.349787 37.650566 31.697195 33.901848 31.049660 45.633430 40.167133 
coin5-08.pgm  197  470  70  70 0 5t 54.337776 40.797157 49.912640 39.977097 42.860123 31.833292 49.158291 38.840038 
coin5-09.pgm   81   68  70  70 0 5t 51.728889 53.594982 44.475849 45.365341 38.927929 42.613964 47.697994 47.417297 
coin5-09.pgm  338   74  70  70 0 5t 49.377777 51.170567 43.744091 43.349178 41.201519 42.724331 49.922935 47.800343 
coin5-09.pgm  209   78  70  70 0 5t 52.826668 48.898609 48.258991 39.697250 45.067806 35.452381 52.080967 42.096165 
coin5-09.pgm  465   80  70  70 0 5t 53.253334 51.664711 43.396709 38.139355 37.622570 33.530285 49.992451 44.037430 
coin5-09.pgm   78  181  70  70 1 5h 24.382223 11.925610 21.750257 15.296301 32.044098 34.532475 40.495182 40.319618 
coin5-09.pgm  464  193  70  70 1 5h 25.031111 13.159822 24.898252 14.632576 29.870081 23.056379 43.688885 37.414856 
coin5-09.pgm  328  193  70  70 1 5h 30.582222 14.770568 27.660843 14.984660 34.470364 24.882179 44.432438 35.214642 
coin5-09.pgm  204  193  70  70 1 5h 11.795555 10.122351 14.680370 13.536459 23.345661 28.218681 38.034626 40.518883 
coin5-09.pgm   72  313  70  70 1 5h 23.773333 13.089304 24.971224 16.188011 34.965385 32.185120 42.018745 37.534901 
coin5-09.pgm  197  316  70  70 1 5h 36.346668 15.713778 32.130524 16.426226 39.651020 32.781532 47.151524 39.470413 
coin5-09.pgm  329  322  70  70 0 5t 43.751110 41.641640 39.840698 36.952610 40.276436 40.948257 47.509243 42.569275 
coin5-09.pgm  469  326  70  70 0 5t 44.284443 47.523159 36.924973 36.799294 35.355145 36.713833 47.675346 45.321659 
coin5-09.pgm   70  436  70  70 0 5t 53.888889 54.528397 44.285713 41.435032 40.470364 38.215157 48.519135 44.082352 
coin5-09.pgm  191  444  70  70 0 5t 47.457779 42.785145 46.542652 39.404503 42.076340 34.993290 48.743816 40.327724 
coin5-09.pgm  328  452  70  70 1 5h 18.137777 13.066746 19.088387 15.783123 27.741583 31.815447 42.007809 42.279312 
coin5-09.pgm  466  457  70  70 1 5h 18.991112 13.855368 16.712231 13.450797 24.977715 29.331083 41.078625 44.052513 
coin5-10.pgm  439   65  70  70 0 5t 49.248890 40.729599 44.648510 38.590176 40.873398 35.341312 50.389221 43.557770 
coin5-10.pgm   82   67  70  70 1 5h 24.813334 11.419852 25.469681 18.034798 29.506876 30.377443 42.034626 41.317097 
coin5-10.pgm  196   69  70  70 1 5h 14.671111 8.781827 18.533401 16.224421 23.539593 26.582378 39.003906 40.777069 
coin5-10.pgm  319   70  70  70 0 5t 44.422222 36.962566 43.657761 38.462891 39.200096 36.769226 47.993233 43.014065 
coin5-10.pgm  193  182  70  70 0 5t 49.986668 33.939083 51.581707 38.868397 47.310574 34.364002 52.346004 40.567043 
coin5-10.pgm   79  183  70  70 0 5t 51.026669 42.320709 48.688591 43.694229 39.439072 38.958351 46.808643 43.971863 
coin5-10.pgm  309  186  70  70 1 5h 30.457777 11.248987 30.941418 15.601176 35.036037 23.957438 44.920853 34.581097 
coin5-10.pgm  436  187  70  70 1 5h 28.866667 11.418074 27.927031 13.286290 34.129444 24.133604 45.709709 37.103352 
coin5-10.pgm   70  291  70  70 1 5h 25.360001 13.008355 27.563206 18.716431 31.140825 29.190027 42.899506 39.035259 
coin5-10.pgm  195  292  70  70 0 5t 45.853333 38.604206 41.971222 36.418495 38.576576 35.609688 44.403542 38.439541 
coin5-10.pgm  438  296  70  70 0 5t 37.546665 31.770666 39.889004 36.193150 37.819820 36.005825 46.512367 41.700912 
coin5-10.pgm  308  297  70  70 1 5h 38.751110 14.690054 35.330936 17.750502 41.115219 32.970840 48.015621 38.703407 
coin5-10.pgm  312  413  70  70 0 5t 57.377777 41.147060 50.497429 39.653214 45.137032 33.755451 51.838062 39.289612 
coin5-10.pgm  422  416  70  70 1 5h 23.351110 18.433067 24.648510 24.272722 31.392603 34.364410 43.513668 44.928654 
coin5-10.pgm   66  416  70  70 0 5t 44.746666 32.817657 48.332993 39.524704 42.018017 33.497471 48.885708 40.310520 
coin5-10.pgm  187  417  70  70 1 5h 18.480000 9.386666 22.240494 17.293722 30.147938 32.839420 40.907837 40.551922 
coin5-11.pgm   70   67  70  70 1 5h 25.564444 13.035180 27.047276 20.494692 27.871029 28.818674 41.410049 40.764557 
coin5-11.pgm  204   70  70  70 1 5h 14.057777 10.854993 19.792395 18.172459 24.238028 27.596722 39.634731 41.061028 
coin5-11.pgm  331   72  70  70 0 5t 52.675556 52.155022 44.335045 43.339859 36.286392 34.597092 49.562874 45.357559 
coin5-11.pgm  461   77  70  70 0 5t 52.417778 44.365196 44.540596 35.826691 38.284969 29.909023 49.797447 40.363560 
coin5-11.pgm   69  184  70  70 0 5t 58.200001 55.484444 45.176773 42.839928 36.195827 35.213303 45.432178 42.889904 
coin5-11.pgm  333  186  70  70 1 5h 28.826666 13.430637 31.248714 17.969555 33.197723 23.525349 44.625359 35.901875 
coin5-11.pgm  202  186  70  70 0 5t 56.799999 44.195557 50.705036 40.569122 46.404457 34.568268 52.183025 39.850327 
coin5-11.pgm  460  187  70  70 1 5h 24.595556 12.726755 28.154161 18.119812 31.321953 24.113232 46.151524 38.383072 
coin5-11.pgm   67  297  70  70 1 5h 23.453333 11.658193 28.397739 20.589197 32.629208 30.544506 43.556366 38.681564 
coin5-11.pgm  332  304  70  70 1 5h 34.946667 18.367289 34.258991 21.334803 37.353722 31.438459 46.980473 39.862930 
coin5-11.pgm  199  305  70  70 0 5t 51.511112 51.211655 44.537514 40.272808 37.741108 33.574532 46.010155 38.628399 
coin5-11.pgm  460  310  70  70 0 5t 48.177776 50.647110 37.909557 37.654598 32.212421 31.470905 47.415257 43.059574 
coin5-11.pgm   72  407  70  70 0 5t 55.457779 54.209187 45.512848 41.775883 39.435276 34.603405 48.177559 41.483749 
coin5-11.pgm  195  413  70  70 1 5h 19.186666 12.429393 24.691675 22.209793 29.597914 33.145527 41.519657 41.643169 
coin5-11.pgm  460  414  70  70 1 5h 19.444445 14.361482 22.467627 20.090664 28.093409 32.209396 42.338974 42.973003 
coin5-11.pgm  334  417  70  70 0 5t 62.364445 55.233345 51.055500 41.399033 44.832150 35.025536 51.725853 40.974277 
coin5-12.pgm  213   74  70  70 1 5h 11.213333 6.759585 16.232271 14.495049 22.815552 26.705872 38.405365 40.929359 
coin5-12.pgm   77   74  70  70 1 5h 25.240000 11.364266 25.137718 17.069147 28.901375 29.798920 42.001041 41.310467 
coin5-12.pgm  475   74  70  70 0 5t 44.755554 32.629333 44.845837 36.547291 40.240398 33.310749 49.996876 41.392929 
coin5-12.pgm  341   74  70  70 0 5t 46.551109 42.530922 46.986641 45.091240 37.119488 35.819931 48.351994 44.305187 
coin5-12.pgm  470  183  70  70 1 5h 27.804445 12.079526 28.854059 17.013479 34.349930 25.484774 45.475918 37.355583 
coin5-12.pgm  343  186  70  70 1 5h 28.639999 11.027200 28.675232 14.488615 33.827881 24.274733 43.600105 34.666317 
coin5-12.pgm   71  186  70  70 0 5t 50.733334 47.578667 51.023640 49.747715 41.930298 43.086891 47.866703 45.389858 
coin5-12.pgm  210  190  70  70 0 5t 48.706665 33.087524 51.352516 39.905136 45.892365 33.852676 52.360844 40.312496 
coin5-12.pgm   75  297  70  70 1 5h 23.142221 10.528750 26.528263 18.398130 32.236607 30.798450 43.125229 38.693157 
coin5-12.pgm  200  302  70  70 0 5t 39.982224 31.006460 39.563206 34.511166 35.877666 33.063892 43.197346 37.747265 
coin5-12.pgm  341  306  70  70 1 5h 36.484444 14.191881 34.568344 18.234608 35.522522 28.362839 47.865921 40.232647 
coin5-12.pgm  471  307  70  70 0 5t 39.444443 36.187653 40.644398 39.245388 36.244667 36.512917 47.015362 43.396320 
coin5-12.pgm   71  404  70  70 0 5t 49.951111 40.941631 48.787254 41.281876 42.916073 35.210468 49.351994 42.066338 
coin5-12.pgm  192  410  70  70 1 5h 16.977777 7.585185 22.283659 17.910841 30.314367 33.858749 41.561314 41.310444 
coin5-12.pgm  461  412  70  70 1 5h 15.133333 7.838815 19.346352 15.546973 26.597914 30.238693 41.715958 43.397442 
coin5-12.pgm  337  414  70  70 0 5t 49.724445 34.589233 49.982529 36.604885 42.427216 30.853640 51.408226 40.088539 
coin5-13.pgm   68   67  70  70 1 5h 26.435556 13.326104 24.562180 15.705519 31.937410 32.950195 41.953136 40.696312 
coin5-13.pgm  342   68  70  70 0 5t 49.048889 47.614895 40.581707 39.489777 42.600285 43.629627 48.875034 45.526600 
coin5-13.pgm  209   72  70  70 1 5h 10.186666 6.645570 13.871531 11.844779 25.440968 29.672388 38.484509 40.097660 
coin5-13.pgm  469   74  70  70 0 5t 51.884445 49.802155 43.863308 37.880707 39.684685 34.820072 51.311115 43.486691 
coin5-13.pgm   74  182  70  70 0 5t 52.097778 55.883892 45.937305 46.134102 39.879562 42.210068 47.920853 46.748795 
coin5-13.pgm  201  188  70  70 0 5t 54.573334 49.314369 48.792397 39.823345 47.800381 38.050217 52.110126 41.533722 
coin5-13.pgm  465  194  70  70 1 5h 26.040001 10.725333 25.967112 13.469284 32.584637 23.794073 44.847176 36.728226 
coin5-13.pgm  337  195  70  70 1 5h 30.226667 15.467141 29.035971 15.004503 34.251305 23.200468 44.847958 35.297436 
coin5-13.pgm   73  296  70  70 1 5h 25.671112 13.579141 25.854059 16.214058 32.376480 30.293270 43.023430 38.517239 
coin5-13.pgm  193  301  70  70 0 5t 55.502224 55.718716 42.043167 37.656467 36.602654 35.103233 45.956520 41.130638 
coin5-13.pgm  328  307  70  70 1 5h 35.582222 15.639427 31.911613 15.987306 35.883831 27.949718 46.838585 38.849174 
coin5-13.pgm  463  307  70  70 0 5t 41.906666 46.890903 36.773895 34.998947 34.022285 33.214024 47.740692 44.277660 
coin5-13.pgm   73  404  70  70 0 5t 50.937778 50.127052 46.387463 42.760120 40.534851 36.682495 49.414997 44.393917 
coin5-13.pgm  185  410  70  70 1 5h 19.333334 12.180740 20.216856 15.494081 30.413940 34.246861 40.711792 40.462776 
coin5-13.pgm  320  411  70  70 0 5t 48.648888 43.261116 48.591984 38.783978 43.806545 34.724064 52.253319 41.020298 
coin5-13.pgm  448  412  70  70 1 5h 18.951111 13.044188 17.598150 13.372120 25.136084 27.892267 42.537098 44.175957 
coin5-14.pgm   72   66  70  70 1 5h 23.195555 11.414953 25.647482 19.831182 31.332384 33.629982 42.102837 41.583935 
coin5-14.pgm  327   71  70  70 0 5t 40.333332 34.637035 42.323742 38.025448 41.321007 39.309978 49.586044 45.251377 
coin5-14.pgm  195   73  70  70 1 5h 11.822222 8.920691 18.229189 17.661045 23.123281 27.609907 38.933090 41.020550 
coin5-14.pgm  457   80  70  70 0 5t 48.648888 44.845512 43.650566 37.019577 37.835941 31.501635 50.443893 42.648121 
coin5-14.pgm   72  183  70  70 0 5t 47.462223 42.311386 46.613567 44.262722 37.818398 37.419685 47.740433 45.006424 
coin5-14.pgm  191  186  70  70 0 5t 48.382221 33.600357 51.644398 40.276428 46.306305 33.605644 51.959385 40.723244 
coin5-14.pgm  452  189  70  70 1 5h 26.208889 9.485432 28.803699 15.106980 34.643433 25.649008 45.649570 38.526123 
coin5-14.pgm  321  191  70  70 1 5h 28.311111 13.107753 31.169579 18.219599 33.229019 24.748730 44.181461 35.839626 
coin5-14.pgm   67  293  70  70 1 5h 20.635555 8.740069 26.664953 17.807882 33.495022 32.448116 42.982037 39.698437 
coin5-14.pgm  320  298  70  70 1 5h 33.742222 14.418094 35.516956 20.502964 35.859650 29.333965 48.108044 40.073166 
coin5-14.pgm  194  298  70  70 0 5t 40.426666 35.783939 42.289825 37.946247 35.587482 32.209480 44.851082 39.397285 
coin5-14.pgm  449  300  70  70 0 5t 29.920000 28.457245 34.501541 32.613663 36.458984 36.605309 46.839626 43.376129 
coin5-14.pgm   72  407  70  70 0 5t 43.364445 36.801105 46.357658 40.030087 43.808914 37.828682 48.658421 42.253006 
coin5-14.pgm  439  414  70  70 1 5h 13.248889 8.649639 18.667009 15.390704 27.562826 32.104176 41.659725 43.672066 
coin5-14.pgm  188  414  70  70 1 5h 15.284445 11.284701 22.872559 20.243128 28.605026 32.661381 40.200989 40.859673 
coin5-14.pgm  315  415  70  70 0 5t 46.782223 31.996799 50.130524 38.030865 46.221432 35.332958 52.662067 40.712929 
coin5-15.pgm  215   62  70  70 1 5h 10.942223 8.841086 20.079136 20.630684 23.219061 27.601313 38.634209 40.914635 
coin5-15.pgm   89   62  70  70 1 5h 26.742222 16.444839 26.516958 20.144699 28.569939 30.131203 41.866703 42.020599 
coin5-15.pgm  340   70  70  70 0 5t 45.168888 46.889088 41.151077 40.797459 35.775723 34.646526 49.038010 45.789047 
coin5-15.pgm  476   75  70  70 0 5t 52.591110 46.174026 44.615623 35.972336 38.778568 30.822437 50.987244 41.850090 
coin5-15.pgm   89  172  70  70 0 5t 54.782223 55.451061 46.088387 46.735058 36.084873 37.555656 46.490238 45.205360 
coin5-15.pgm  210  175  70  70 0 5t 60.991112 53.694500 50.403904 41.747570 47.031769 35.991375 52.117157 41.295742 
coin5-15.pgm  335  178  70  70 1 5h 27.968889 11.843200 31.233299 18.826609 33.384541 24.435177 44.648270 35.972435 
coin5-15.pgm  472  182  70  70 1 5h 28.124445 17.242628 30.319630 20.828764 34.316738 28.532141 46.113514 39.638065 
coin5-15.pgm   83  274  70  70 1 5h 23.600000 16.689777 28.646454 22.648567 35.080132 35.070736 42.706848 38.893166 
coin5-15.pgm  208  281  70  70 0 5t 54.062222 54.925709 44.519012 40.464943 37.758652 34.554028 45.954178 39.666939 
coin5-15.pgm  334  288  70  70 1 5h 34.128887 17.005116 35.950668 23.429579 36.136559 30.382151 47.482426 40.803677 
coin5-15.pgm  470  294  70  70 0 5t 45.302223 42.095367 37.373074 34.599941 30.810810 29.429703 45.990108 42.268921 
coin5-15.pgm   88  391  70  70 0 5t 56.124443 50.643673 45.608429 41.471889 40.239449 34.185207 49.176777 42.625225 
coin5-15.pgm  211  404  70  70 1 5h 17.853333 15.510874 22.853031 22.199699 29.141773 34.426544 40.427753 42.405392 
coin5-15.pgm  338  411  70  70 0 5t 60.333332 57.122963 49.793423 42.058907 43.020863 34.138851 51.871647 42.486618 
coin5-15.pgm  464  414  70  70 1 5h 19.217777 16.067793 21.067831 20.670179 28.192982 34.562984 41.467587 43.597080 
coin5-16.pgm   63   72  70  70 1 5h 24.284445 9.630381 25.075026 14.426549 31.239450 30.805355 41.725330 39.654846 
coin5-16.pgm  320   76  70  70 0 5t 41.288887 34.531555 43.616650 38.495556 36.641537 32.902496 48.860973 43.371986 
coin5-16.pgm  192   78  70  70 1 5h 13.880000 7.704889 18.893114 16.461397 25.677572 29.700699 39.279095 41.208549 
coin5-16.pgm  445   79  70  70 0 5t 44.555557 34.180740 44.557041 36.370796 36.767662 29.716404 49.126007 40.974586 
coin5-16.pgm   62  183  70  70 0 5t 45.911110 37.248791 47.816032 42.341602 37.285442 36.099583 47.027596 44.498524 
coin5-16.pgm  315  186  70  70 1 5h 30.048889 12.308425 29.690647 14.993944 33.929352 23.532742 44.676388 34.571968 
coin5-16.pgm  185  186  70  70 0 5t 55.782223 38.082962 52.184994 39.024311 51.085350 39.217754 51.865139 39.559475 
coin5-16.pgm  442  191  70  70 1 5h 29.951111 13.355536 30.538540 17.338865 33.831673 24.705093 46.557407 37.985348 
coin5-16.pgm   64  289  70  70 1 5h 23.186666 10.610607 25.422405 16.094753 34.180180 32.092525 41.984901 37.325356 
coin5-16.pgm  192  299  70  70 0 5t 39.222221 29.763950 40.640289 34.826149 33.233288 29.549921 44.498569 38.955898 
coin5-16.pgm  308  303  70  70 1 5h 36.782223 14.311071 34.921890 17.896793 39.655762 32.237362 47.649570 38.935745 
coin5-16.pgm  441  304  70  70 0 5t 41.262222 36.497818 40.263103 37.413025 36.945473 35.830517 47.111431 42.387932 
coin5-16.pgm   66  410  70  70 0 5t 45.257778 34.168495 48.774921 40.949631 41.929825 33.529137 49.181461 41.341873 
coin5-16.pgm  177  418  70  70 1 5h 15.226666 7.619911 20.721479 16.282927 27.061167 30.139812 40.559750 39.584354 
coin5-16.pgm  307  420  70  70 0 5t 51.724445 33.280396 50.940392 38.553574 42.973446 30.590946 51.474354 39.785480 
coin5-16.pgm  435  424  70  70 1 5h 15.240000 7.476622 18.521069 13.784262 23.225225 25.167429 40.376465 41.985687 
coin5-17.pgm  194   68  70  70 1 5h 10.751111 6.854677 14.853032 12.699541 25.913704 30.299723 38.285343 39.539867 
coin5-17.pgm   71   69  70  70 1 5h 25.333334 13.034074 23.000000 14.680370 29.826933 30.987539 41.404060 40.700195 
coin5-17.pgm  323   74  70  70 0 5t 50.306667 50.896950 44.316547 44.158096 40.860123 40.959805 50.694611 46.739147 
coin5-17.pgm  449   76  70  70 0 5t 51.840000 49.445332 42.542652 35.669312 39.214321 33.817970 49.915646 42.598801 
coin5-17.pgm   71  177  70  70 0 5t 50.840000 52.250668 45.878727 45.406372 37.362255 38.981346 47.222340 45.656555 
coin5-17.pgm  193  182  70  70 0 5t 53.164444 47.743526 50.523125 42.902206 45.765766 37.566628 53.011715 43.709091 
coin5-17.pgm  449  187  70  70 1 5h 27.444445 12.591605 26.675232 14.231485 31.848269 24.031467 45.250454 38.538113 
coin5-17.pgm  315  187  70  70 1 5h 30.191111 13.747635 29.468653 15.118973 34.305359 24.232901 45.635773 35.822414 
coin5-17.pgm  191  286  70  70 0 5t 51.582222 54.876881 43.932167 40.442894 36.306305 34.645130 46.319710 41.077789 
coin5-17.pgm   68  287  70  70 1 5h 25.280001 14.094934 25.641315 16.138313 32.459934 30.190567 42.815151 38.353699 
coin5-17.pgm  315  297  70  70 1 5h 36.373333 15.758103 31.618706 15.825061 36.470840 28.637688 48.289768 40.499241 
coin5-17.pgm  443  297  70  70 0 5t 43.448891 47.685490 38.097637 37.262386 38.950687 39.056339 47.258785 43.316280 
coin5-17.pgm   74  395  70  70 0 5t 50.240002 49.174400 43.922920 40.580055 41.788052 38.982628 48.098412 43.735950 
coin5-17.pgm  186  404  70  70 1 5h 17.608889 10.433501 18.708118 13.966039 30.346136 34.299057 39.788597 39.550190 
coin5-17.pgm  309  411  70  70 0 5t 52.444443 48.143211 49.119221 40.175350 45.834045 37.690922 52.439728 42.341782 
coin5-17.pgm  437  414  70  70 1 5h 18.213333 12.387911 16.980473 13.049828 27.253201 31.896547 41.693569 43.636826 
coin5-18.pgm  198   71  70  70 1 5h 10.404445 6.636247 17.051388 16.431652 24.439545 29.837677 38.480865 40.981945 
coin5-18.pgm  310   74  70  70 0 5t 44.902222 40.284801 43.603291 42.034782 40.266476 39.110703 49.730278 46.654903 
coin5-18.pgm   69   75  70  70 1 5h 22.533333 10.099556 25.500513 18.809526 30.767662 31.781157 41.453007 40.487488 
coin5-18.pgm  441   78  70  70 0 5t 44.844444 40.740147 43.285713 36.299221 39.383121 32.905499 50.013538 42.671844 
coin5-18.pgm   79  180  70  70 0 5t 42.204445 40.566517 45.217884 42.193466 40.254623 40.628986 47.077065 44.424320 
coin5-18.pgm  314  184  70  70 1 5h 26.959999 11.105066 31.553957 18.323645 35.378853 26.775339 44.806042 36.144634 
coin5-18.pgm  191  187  70  70 0 5t 48.662224 37.247406 51.858170 40.484985 48.218586 35.841206 52.497005 40.695679 
coin5-18.pgm  442  188  70  70 1 5h 27.186666 11.562429 28.660843 15.766102 35.022758 27.666908 46.523823 39.701012 
coin5-18.pgm   76  290  70  70 1 5h 22.351110 11.475516 27.723536 19.506990 34.335705 33.250896 43.698776 40.148354 
coin5-18.pgm  190  302  70  70 0 5t 42.622223 34.151703 43.188080 38.267910 37.712662 34.529915 45.254360 39.079880 
coin5-18.pgm  435  303  70  70 0 5t 33.208889 33.527863 36.731758 36.134682 36.934566 37.247753 46.429577 42.415859 
coin5-18.pgm  313  307  70  70 1 5h 35.315556 13.838815 35.400822 19.573870 35.394024 27.713900 46.803696 38.054123 
coin5-18.pgm   82  401  70  70 0 5t 41.986668 31.581274 48.227131 42.240292 43.540066 37.216221 49.826347 43.241016 
coin5-18.pgm  188  408  70  70 1 5h 14.355556 9.512889 22.831450 19.995249 28.331911 32.467186 40.409267 40.872601 
coin5-18.pgm  317  411  70  70 0 5t 47.324444 33.745266 49.844810 38.365784 47.079659 36.109135 52.896900 40.450642 
coin5-18.pgm  437  412  70  70 1 5h 12.697778 6.274845 18.376156 14.489599 29.151257 34.039558 42.157249 44.001202 
coin5-19.pgm   64   63  70  70 1 5h 25.142221 14.905876 27.019527 20.939896 31.547653 34.485859 41.994534 42.144581 
coin5-19.pgm  188   65  70  70 1 5h 13.195556 11.204108 18.955807 19.070833 23.211475 27.723993 38.469151 41.641937 
coin5-19.pgm  306   69  70  70 0 5t 53.822224 55.923359 44.594040 45.233780 36.159317 34.979515 49.276752 44.986526 
coin5-19.pgm  427   70  70  70 0 5t 59.186668 55.488235 45.060638 37.730961 40.410149 32.386494 50.421246 41.866161 
coin5-19.pgm  190  180  70  70 0 5t 63.364445 53.303703 52.464542 43.499752 50.560455 39.222809 53.046341 41.166470 
coin5-19.pgm   67  181  70  70 0 5t 53.355556 53.056789 44.377186 43.869011 35.920815 37.378521 46.126789 44.783112 
coin5-19.pgm  310  182  70  70 1 5h 28.213333 12.332208 31.162384 18.564548 33.613087 24.900145 44.348347 35.368473 
coin5-19.pgm  430  184  70  70 1 5h 25.902222 13.949432 28.225077 17.677183 34.155525 28.147743 45.768288 39.744061 
coin5-19.pgm   66  286  70  70 1 5h 26.355556 18.417383 29.457348 23.327208 32.883831 32.192142 42.121841 38.557026 
coin5-19.pgm  188  291  70  70 0 5t 57.431110 53.750912 44.178829 38.012619 37.509247 32.597595 44.898205 37.712620 
coin5-19.pgm  309  296  70  70 1 5h 34.355556 15.543507 34.382324 19.941925 36.163109 29.817371 46.538662 39.272293 
coin5-19.pgm  433  296  70  70 0 5t 44.488888 44.259754 37.943474 37.374695 31.854908 30.791882 46.441551 42.511406 
coin5-19.pgm   64  400  70  70 0 5t 57.866665 54.456295 45.886948 42.261734 39.361309 34.209103 48.217911 42.422062 
coin5-19.pgm  181  403  70  70 1 5h 19.364445 15.912296 22.106886 20.553501 31.981033 38.145245 39.880760 40.922802 
coin5-19.pgm  308  406  70  70 0 5t 57.231110 47.165588 47.812950 39.927391 45.914650 37.346622 50.471493 40.136848 
coin5-19.pgm  427  409  70  70 1 5h 18.671112 15.872829 21.598150 21.734064 24.818872 29.742540 40.713875 43.281551 
coin5-20.pgm   81   66  70  70 1 5h 24.391111 11.420839 24.661871 16.406826 30.527739 31.701509 41.639679 40.872032 
coin5-20.pgm  440   66  70  70 0 5t 48.564445 39.233738 45.593010 39.661064 38.884781 33.141537 50.261131 43.355049 
coin5-20.pgm  195   67  70  70 1 5h 15.137777 8.523023 16.992805 13.575029 25.479374 28.939203 38.288467 40.246979 
coin5-20.pgm  320   70  70  70 0 5t 43.088890 35.572937 42.790340 37.876064 39.238976 36.623493 47.891174 43.008369 
coin5-20.pgm  194  181  70  70 0 5t 52.320000 36.567112 51.631039 39.400394 51.126125 39.090591 52.344181 40.479591 
coin5-20.pgm   80  183  70  70 0 5t 50.835556 43.432613 48.466599 43.637589 40.419155 40.153126 46.758396 43.857330 
coin5-20.pgm  436  187  70  70 1 5h 28.866667 11.418074 27.927031 13.286290 34.129444 24.133604 45.709709 37.103352 
coin5-20.pgm  310  187  70  70 1 5h 30.408890 10.735131 31.571428 16.867126 34.058323 22.916271 45.269199 34.808643 
coin5-20.pgm   70  290  70  70 1 5h 24.364445 11.687506 27.157246 18.086388 32.282597 30.451260 42.952354 38.894970 
coin5-20.pgm  196  292  70  70 0 5t 45.671112 37.869907 41.980473 36.286034 37.992413 34.868816 44.372299 38.460705 
coin5-20.pgm  309  297  70  70 1 5h 39.017776 13.734676 35.475849 17.922073 41.196301 33.019852 48.128613 38.690762 
coin5-20.pgm  437  297  70  70 0 5t 36.000000 29.626667 39.940392 36.216537 34.329540 32.281803 46.346004 41.549381 
coin5-20.pgm  312  413  70  70 0 5t 57.377777 41.147060 50.497429 39.653214 45.137032 33.755451 51.838062 39.289612 
coin5-20.pgm   64  414  70  70 0 5t 47.928890 33.700108 48.253853 39.895828 44.572784 36.891750 48.590992 40.035378 
coin5-20.pgm  432  416  70  70 1 5h 15.195556 6.511763 18.828365 14.644011 27.839735 32.392971 42.411873 43.913006 
coin5-20.pgm  187  416  70  70 1 5h 18.017778 8.619102 20.988695 15.535774 31.274538 34.230095 41.023693 40.584743 
coin5-21.pgm  319   74  70  70 0 5t 47.662224 51.134144 41.974308 41.746624 43.221905 44.807495 49.496487 46.515205 
coin5-21.pgm  444   78  70  70 0 5t 50.173332 45.090607 41.749229 35.879234 40.969181 36.375156 50.113251 42.975384 
coin5-21.pgm  203   83  70  70 1 5h 11.137777 9.571595 15.472765 14.905818 24.210052 28.853245 39.510803 41.673515 
coin5-21.pgm   80   84  70  70 1 5h 23.431110 12.748286 21.211716 14.992552 29.634424 31.687181 40.061180 39.968147 
coin5-21.pgm   78  190  70  70 0 5t 53.919998 57.977245 45.459404 46.032032 38.415836 41.417538 46.885708 46.531013 
coin5-21.pgm  317  193  70  70 1 5h 27.840000 12.267734 28.578623 14.839672 35.691795 24.902327 45.077583 34.914139 
coin5-21.pgm  201  193  70  70 0 5t 51.626667 48.048946 47.658787 39.617218 49.175911 39.947220 53.032543 43.199951 
coin5-21.pgm  440  194  70  70 1 5h 24.893333 11.756444 25.562180 14.383843 32.293030 25.279858 45.225983 38.561970 
coin5-21.pgm  199  296  70  70 0 5t 49.444443 50.213333 40.766701 36.894669 39.927452 38.792507 45.712315 40.475079 
coin5-21.pgm   73  300  70  70 1 5h 24.715555 13.958519 25.287769 16.821119 31.618776 29.809486 41.633167 38.021667 
coin5-21.pgm  437  301  70  70 0 5t 44.302223 46.887703 37.484070 36.668053 38.027027 39.830532 47.491016 45.043137 
coin5-21.pgm  313  307  70  70 1 5h 37.208889 16.302538 31.471737 16.087736 39.736843 32.623394 48.105442 39.903225 
coin5-21.pgm   72  417  70  70 0 5t 55.431110 55.269688 44.252827 41.992275 41.659554 39.475975 48.628483 44.279881 
coin5-21.pgm  188  424  70  70 1 5h 16.991112 12.387279 18.618706 15.854533 30.645803 34.727394 39.695652 40.139229 
coin5-21.pgm  436  429  70  70 1 5h 16.711111 12.085926 15.912642 13.866899 28.810337 35.515366 42.367352 44.935829 
coin5-21.pgm  311  429  70  70 0 5t 49.000000 45.413334 45.640289 37.909306 49.341393 43.367672 51.823223 43.254265 
coin5-22.pgm   83   65  70  70 1 5h 22.528889 12.863645 25.522097 20.024010 34.658131 38.418346 42.909920 42.986153 
coin5-22.pgm  203   75  70  70 1 5h 11.004444 7.196524 17.507708 16.056089 23.752964 27.632343 40.080189 41.690380 
coin5-22.pgm  434   75  70  70 0 5t 41.453335 36.059734 42.775951 37.665150 38.301563 32.975304 50.118980 42.537941 
coin5-22.pgm  315   81  70  70 0 5t 40.964443 39.214500 44.614594 42.758472 39.627785 38.677032 50.715439 46.980522 
coin5-22.pgm   81  177  70  70 0 5t 43.728889 40.237392 45.060638 41.377602 43.294926 44.000858 46.859413 44.404346 
coin5-22.pgm  310  184  70  70 1 5h 28.164444 11.710143 31.790339 17.641369 34.600285 25.650656 45.085655 36.179592 
coin5-22.pgm  429  186  70  70 1 5h 26.942223 11.380583 30.301130 17.996010 31.695116 24.059666 46.843010 39.890785 
coin5-22.pgm  195  186  70  70 0 5t 45.395557 33.318520 50.365879 38.196560 50.009010 37.612114 53.600883 41.717464 
coin5-22.pgm   81  295  70  70 1 5h 20.857779 9.863625 26.844810 18.785389 29.686108 27.637459 42.171570 38.693493 
coin5-22.pgm  192  301  70  70 0 5t 37.204445 32.793797 42.326824 38.736080 37.033192 33.668480 44.626400 38.803608 
coin5-22.pgm  306  306  70  70 1 5h 34.662224 12.605827 36.509762 19.689329 36.490280 28.344542 48.304348 39.275845 
coin5-22.pgm  428  306  70  70 0 5t 33.537777 32.849621 37.230217 35.261292 35.939781 35.645054 47.050507 43.540108 
coin5-22.pgm   73  413  70  70 0 5t 42.071110 33.681461 46.034943 38.697041 41.741108 33.653969 49.192398 42.002865 
coin5-22.pgm  194  424  70  70 1 5h 15.231112 10.353936 23.392601 20.539192 30.989569 36.041435 40.862274 41.539715 
coin5-22.pgm  430  426  70  70 1 5h 12.595555 6.611793 17.446043 13.696896 28.799906 34.317913 41.133560 43.027855 
coin5-22.pgm  313  429  70  70 0 5t 48.951111 36.281483 50.098663 40.049927 45.443336 35.447853 52.956783 41.409912 
coin5-23.pgm   71   67  70  70 1 5h 25.400000 14.892445 26.671120 19.896425 31.781887 33.891617 41.976048 41.381676 
coin5-23.pgm  195   70  70  70 1 5h 15.080000 11.129245 20.524153 18.910324 25.320532 28.751144 40.414734 42.260906 
coin5-23.pgm  312   75  70  70 0 5t 57.391109 54.721661 43.786228 41.282036 36.532955 33.769821 48.445198 43.848438 
coin5-23.pgm  431   78  70  70 0 5t 53.080002 46.589512 44.892086 37.437889 40.212898 31.973469 49.950794 40.113659 
coin5-23.pgm   79  171  70  70 0 5t 52.693333 51.133747 45.044193 45.034691 35.755333 36.318386 46.001823 44.003540 
coin5-23.pgm  317  178  70  70 1 5h 28.831112 12.462736 30.775951 17.203144 33.435753 23.710266 44.522781 36.384773 
coin5-23.pgm  430  179  70  70 1 5h 25.635555 13.034983 29.898252 19.374605 34.616405 27.571457 45.275970 38.576416 
coin5-23.pgm  196  180  70  70 0 5t 58.862221 43.449085 50.599178 39.730049 48.035561 35.179768 52.504036 39.725555 
coin5-23.pgm   78  284  70  70 1 5h 26.422222 16.293137 29.414183 22.691704 32.672832 31.366196 42.913826 39.208088 
coin5-23.pgm  305  292  70  70 1 5h 36.377777 17.056593 35.964027 21.683853 37.440968 29.735176 46.325436 38.241325 
coin5-23.pgm  188  294  70  70 0 5t 57.302223 58.539181 45.408016 41.224411 39.632526 34.897682 45.475658 38.455551 
coin5-23.pgm  426  299  70  70 0 5t 49.933334 53.982815 39.630009 38.487991 31.891418 30.713547 45.909920 41.932869 
coin5-23.pgm   77  400  70  70 0 5t 64.008888 64.679230 47.688591 44.628876 42.145565 37.510921 47.692009 41.485664 
coin5-23.pgm  187  404  70  70 1 5h 18.404444 13.977956 24.115108 21.373917 32.925083 37.399605 41.668056 42.168003 
coin5-23.pgm  429  408  70  70 1 5h 17.515556 13.319625 20.208633 18.307068 28.082504 32.429146 41.733925 42.806423 
coin5-23.pgm  307  411  70  70 0 5t 53.062222 40.036304 47.917782 38.690922 42.342342 32.472870 50.856808 40.685322 
coin5-24.pgm   71   66  70  70 1 5h 25.391111 10.968296 22.543680 13.509382 33.585110 35.489590 41.848736 40.834225 
coin5-24.pgm  191   69  70  70 1 5h 13.520000 7.538133 18.567318 15.662596 24.111902 27.005947 40.599842 42.265026 
coin5-24.pgm  304   75  70  70 0 5t 45.017776 33.429886 47.448097 43.680504 43.000473 42.025375 49.662586 45.376766 
coin5-24.pgm  424   76  70  70 0 5t 45.400002 35.591110 43.651592 35.980175 38.480797 31.671648 50.184586 42.173466 
coin5-24.pgm   71  169  70  70 0 5t 52.857777 45.984318 49.289825 44.349869 42.891891 42.714287 46.481644 43.570816 
coin5-24.pgm  184  177  70  70 0 5t 48.262222 30.613096 51.890030 38.753750 47.328117 34.128738 53.271805 40.513508 
coin5-24.pgm  303  179  70  70 1 5h 29.337778 9.972425 30.188078 14.974010 34.781887 23.690529 44.857067 34.312172 
coin5-24.pgm  427  182  70  70 1 5h 29.573334 12.219259 30.341213 16.255100 32.938358 23.647141 45.950272 37.277927 
coin5-24.pgm   69  281  70  70 1 5h 23.502222 9.216079 26.426516 16.776857 32.268375 30.105919 42.539444 38.526192 
coin5-24.pgm  183  285  70  70 0 5t 45.475555 38.147240 40.778008 34.754467 36.211948 33.287758 44.412392 38.926464 
coin5-24.pgm  298  287  70  70 1 5h 38.693333 13.106607 35.350464 18.043592 36.645805 28.171349 47.399376 37.946159 
coin5-24.pgm  428  292  70  70 0 5t 39.786667 31.866074 40.997944 36.811127 36.859177 34.698723 47.234055 41.663380 
coin5-24.pgm   70  392  70  70 0 5t 47.746666 34.475376 49.238438 41.643795 44.640587 37.462090 49.954178 41.664818 
coin5-24.pgm  175  396  70  70 1 5h 15.933333 6.173630 20.392601 15.782768 31.307255 34.310444 41.102837 40.332790 
coin5-24.pgm  426  399  70  70 1 5h 15.022223 6.372741 18.586845 13.214235 25.221907 27.556213 41.751629 42.779625 
coin5-24.pgm  293  399  70  70 0 5t 54.217777 35.568081 49.669064 37.346897 47.045521 35.758965 51.181725 39.070618 
\end
