480 0 5 8
coin-easy-01.pgm   90   76  70  70 4 10h 28.920000 12.969244 27.076054 15.733500 28.213846 21.518358 42.053112 41.072506 
coin-easy-01.pgm  210   76  70  70 1 5t 46.417778 33.617184 43.565262 32.695805 38.696064 27.560760 94.038795 79.777573 
coin-easy-01.pgm  339   81  70  70 3 10t 64.915558 52.153324 60.154163 49.245113 57.417259 47.912773 60.766205 52.140671 
coin-easy-01.pgm  458   86  70  70 2 5h 20.311111 9.246617 25.928057 17.692133 29.350878 27.622919 94.756050 93.973694 
coin-easy-01.pgm  268  131  70  70 0 back 239.057785 0.885926 239.653656 1.178643 239.889526 1.272662 239.946106 1.575931 
coin-easy-01.pgm  149  136  70  70 0 back 230.862228 1.129007 230.497437 1.388068 230.492645 1.381373 230.180161 1.526543 
coin-easy-01.pgm  388  142  70  70 0 back 248.164444 0.957274 248.127441 1.128336 247.795639 1.339662 247.561569 1.431384 
coin-easy-01.pgm   85  199  70  70 2 5h 27.444445 13.652346 34.410072 23.565506 32.915600 25.085142 93.577454 84.076904 
coin-easy-01.pgm  333  206  70  70 1 5t 52.075554 47.110558 43.669064 34.121864 39.941677 28.663080 97.868004 84.750641 
coin-easy-01.pgm  217  207  70  70 3 10t 53.262222 49.693157 58.616650 57.841736 58.386913 55.067585 62.095547 61.913006 
coin-easy-01.pgm  453  211  70  70 4 10h 16.924444 7.306904 21.376156 13.989623 24.391180 20.805794 40.510284 44.956699 
coin-easy-01.pgm  141  251  70  70 0 back 235.248886 1.249896 234.676254 1.239702 234.027023 1.314265 233.364227 1.653481 
coin-easy-01.pgm   90  322  70  70 4 10h 31.946667 12.846459 36.289825 17.464014 35.628262 20.694677 49.321011 41.380482 
coin-easy-01.pgm  330  322  70  70 3 10t 55.128887 48.695427 55.156219 48.180069 56.741585 51.528255 61.205414 56.466198 
coin-easy-01.pgm  209  324  70  70 2 5h 12.671111 5.474687 19.326824 15.398453 24.384542 26.377893 88.749023 90.730759 
coin-easy-01.pgm  451  327  70  70 1 5t 35.213333 35.842964 35.364849 34.308998 31.818398 29.414955 93.285606 90.359734 
coin-easy-01.pgm   88  430  70  70 1 5t 47.222221 44.071110 43.046249 35.884769 38.739212 33.191410 98.548294 88.268669 
coin-easy-01.pgm  210  434  70  70 3 10t 59.608891 50.030418 63.809868 58.233322 59.732574 53.710720 63.916168 57.632423 
coin-easy-01.pgm  329  440  70  70 2 5h 38.226665 14.764563 37.215828 15.882038 39.507351 20.708569 99.914864 81.806252 
coin-easy-01.pgm  452  443  70  70 4 10h 33.408890 18.099516 31.212744 15.364078 33.196777 19.825060 46.675083 40.522778 
coin-easy-02.pgm  446   79  70  70 2 5h 20.097778 10.534914 25.725592 18.564396 27.799906 25.631342 93.123146 92.249496 
coin-easy-02.pgm  204   82  70  70 1 5t 45.182220 31.173887 43.986641 34.265011 40.921291 30.638752 94.016922 79.964569 
coin-easy-02.pgm   81   86  70  70 4 10h 27.937778 14.916464 25.186022 14.107093 28.554766 21.912231 36.711273 33.763344 
coin-easy-02.pgm  333   87  70  70 3 10t 60.533333 45.805038 57.531345 46.730087 57.722145 47.841843 59.885708 50.958759 
coin-easy-02.pgm  265  136  70  70 0 back 238.022217 1.015111 238.492294 1.325021 238.706497 1.354905 238.695648 1.607937 
coin-easy-02.pgm   81  196  70  70 2 5h 33.502224 14.855980 36.003082 22.762745 34.240398 26.610189 92.826347 82.731789 
coin-easy-02.pgm  439  201  70  70 4 10h 22.106667 9.156859 21.336075 11.307493 23.336653 17.724604 38.518093 41.459000 
coin-easy-02.pgm  326  202  70  70 1 5t 51.764446 42.534004 45.859200 36.782192 41.084873 29.505131 99.638115 85.636818 
coin-easy-02.pgm  206  205  70  70 3 10t 45.400002 36.540443 52.689621 48.799469 54.593174 51.465935 57.989326 57.659740 
coin-easy-02.pgm  385  257  70  70 0 back 248.102219 1.192059 248.217880 1.474775 248.563293 1.615197 249.003906 1.693788 
coin-easy-02.pgm  263  264  70  70 0 back 240.222229 1.968395 240.907501 2.852248 241.326218 3.600711 241.474609 4.249278 
coin-easy-02.pgm   81  313  70  70 4 10h 31.506666 13.376830 36.428570 18.424021 34.878616 20.061907 50.865921 43.539036 
coin-easy-02.pgm  202  320  70  70 2 5h 13.280000 7.953067 19.921890 16.612467 23.665245 24.837605 89.279091 92.087425 
coin-easy-02.pgm  446  323  70  70 1 5t 41.377777 43.628841 37.080166 38.769505 31.684685 30.264965 92.297577 89.235207 
coin-easy-02.pgm  330  325  70  70 3 10t 51.840000 36.641422 55.268242 44.803131 56.911808 47.880123 63.434261 57.441013 
coin-easy-02.pgm  259  368  70  70 0 back 240.982224 0.921165 240.903397 1.171959 241.147934 1.308821 241.004425 1.510886 
coin-easy-02.pgm  449  428  70  70 4 10h 34.515556 12.321856 34.495377 14.679625 33.175911 17.260937 49.041397 41.111988 
coin-easy-02.pgm   75  428  70  70 1 5t 45.386665 40.847290 46.230217 39.971577 41.626839 36.674496 101.844833 89.576454 
coin-easy-02.pgm  198  431  70  70 3 10t 49.222221 44.154076 56.155190 51.442951 56.620197 52.636520 60.665710 55.447922 
coin-easy-02.pgm  327  440  70  70 2 5h 37.911110 14.857284 37.678314 15.794125 40.237553 21.550392 100.158035 82.852226 
coin-easy-03.pgm  441   86  70  70 2 5h 25.120001 12.582400 26.878725 19.323717 27.668089 26.229063 94.303825 92.785606 
coin-easy-03.pgm  200   86  70  70 1 5t 45.831112 38.322803 46.095581 36.125481 41.464676 30.713041 98.757355 83.461029 
coin-easy-03.pgm   83   87  70  70 4 10h 26.182222 12.011812 26.952724 15.198231 27.117592 19.486320 43.805260 42.991798 
coin-easy-03.pgm  331   87  70  70 3 10t 49.742222 39.034351 56.231243 48.366203 57.298244 49.804928 61.404324 53.660011 
coin-easy-03.pgm  259  142  70  70 0 back 238.240005 1.156978 238.697845 1.465763 238.882416 1.712424 238.985428 1.883526 
coin-easy-03.pgm   73  198  70  70 2 5h 35.706665 15.251200 34.696815 17.812126 34.943577 24.379753 93.136162 81.778145 
coin-easy-03.pgm  196  203  70  70 3 10t 51.382221 45.156937 57.531345 55.338005 56.926033 55.373165 56.416298 55.943253 
coin-easy-03.pgm  446  204  70  70 4 10h 20.733334 11.101629 21.502569 13.687034 22.395449 17.577795 38.085396 40.419884 
coin-easy-03.pgm  325  210  70  70 1 5t 49.186668 41.250607 45.199383 37.755322 39.505928 31.098328 100.531891 89.812897 
coin-easy-03.pgm  259  256  70  70 0 back 243.240005 2.149333 243.113052 2.925931 243.225693 3.774806 243.137726 4.587827 
coin-easy-03.pgm  197  314  70  70 2 5h 18.511110 10.338568 21.642344 17.655962 24.266951 24.601116 89.585526 91.540474 
coin-easy-03.pgm   76  316  70  70 4 10h 34.880001 13.448177 35.611511 17.167450 34.141300 20.202705 48.266338 40.816753 
coin-easy-03.pgm  451  323  70  70 1 5t 41.426666 40.292030 36.374100 35.867146 34.412518 33.489487 96.065605 91.132530 
coin-easy-03.pgm  328  329  70  70 3 10t 58.480000 45.150932 58.670094 49.209743 55.972973 48.487690 71.196045 66.491028 
coin-easy-03.pgm  134  367  70  70 0 back 232.275558 1.320138 231.759506 1.312044 231.563293 1.502443 231.311630 1.751851 
coin-easy-03.pgm  387  374  70  70 0 back 249.973328 1.100089 249.505646 1.502398 249.277390 1.827169 248.872437 2.257843 
coin-easy-03.pgm   69  428  70  70 1 5t 46.684444 36.365707 43.676258 33.778625 38.723564 29.271816 99.258530 86.610199 
coin-easy-03.pgm  450  433  70  70 4 10h 33.053333 15.769837 36.235355 19.697802 34.266476 21.031693 50.628742 45.016647 
coin-easy-03.pgm  186  435  70  70 3 10t 55.382221 42.506744 61.089413 52.431900 60.201519 52.231552 66.563393 59.431713 
coin-easy-03.pgm  323  443  70  70 2 5h 40.364445 14.006518 43.277493 19.597441 40.570412 19.995867 102.871124 84.387184 
coin-easy-04.pgm  196   81  70  70 1 5t 49.133335 40.811852 42.973278 30.904320 39.706020 26.912636 98.687843 83.353363 
coin-easy-04.pgm   80   87  70  70 4 10h 30.351110 15.094913 30.393627 18.067606 29.373636 21.300657 44.960949 43.290604 
coin-easy-04.pgm  460   88  70  70 2 5h 24.866667 11.032888 28.339157 20.846832 29.536274 27.520639 96.284561 94.088570 
coin-easy-04.pgm  332   97  70  70 3 10t 65.013336 53.031349 64.606369 54.928741 62.080132 52.500088 72.482948 63.719711 
coin-easy-04.pgm  261  138  70  70 0 back 238.431107 1.216474 238.783142 1.326179 238.953537 1.362658 238.848480 1.758720 
coin-easy-04.pgm   82  199  70  70 2 5h 28.026667 14.331496 29.221994 16.873960 36.112850 27.870462 92.331161 82.266151 
coin-easy-04.pgm  204  203  70  70 3 10t 56.622223 52.999508 60.980473 58.473034 56.013275 54.240452 53.752148 51.295849 
coin-easy-04.pgm  456  207  70  70 4 10h 18.106667 8.379733 19.263103 9.841545 22.934566 17.051966 33.355637 33.721909 
coin-easy-04.pgm  334  211  70  70 1 5t 49.680000 45.476624 46.047276 39.673660 41.661926 34.996971 102.146576 91.142632 
coin-easy-04.pgm  130  249  70  70 0 back 231.271118 1.705837 231.278519 2.084210 231.587479 2.130673 231.459259 2.386462 
coin-easy-04.pgm  264  264  70  70 0 back 242.440002 1.215289 242.519012 1.861893 242.472260 2.423518 242.033066 3.087151 
coin-easy-04.pgm   78  319  70  70 4 10h 34.866665 15.681778 37.453236 19.364038 36.251778 21.709663 48.175217 39.852245 
coin-easy-04.pgm  198  320  70  70 2 5h 14.422222 7.342222 19.211716 15.729255 23.704124 24.965639 88.575630 90.635628 
coin-easy-04.pgm  450  324  70  70 1 5t 34.048889 28.940207 34.931141 33.295830 28.773352 26.268200 94.936737 91.829170 
coin-easy-04.pgm  325  328  70  70 3 10t 66.417778 54.731892 60.038025 50.725323 56.535324 48.832363 63.122105 57.322533 
coin-easy-04.pgm  265  374  70  70 0 back 242.297775 1.219002 242.651596 1.364236 242.658600 1.345282 242.531891 1.476500 
coin-easy-04.pgm   78  427  70  70 1 5t 43.040001 34.188801 46.750256 38.555340 42.625416 34.808681 99.959648 87.165833 
coin-easy-04.pgm  452  433  70  70 4 10h 34.564445 12.365077 36.734840 17.533470 34.622570 19.371420 48.996876 41.746357 
coin-easy-04.pgm  192  433  70  70 3 10t 54.333332 47.567406 57.605343 50.102180 56.973923 49.311821 64.339493 57.782833 
coin-easy-04.pgm  323  441  70  70 2 5h 41.951111 13.090844 42.322712 17.223183 43.689899 22.679708 102.971359 82.739868 
coin-easy-05.pgm  189   75  70  70 1 5t 49.986668 36.142342 44.747173 34.480270 40.486488 29.728601 100.556885 85.880096 
coin-easy-05.pgm   71   79  70  70 4 10h 28.639999 12.366933 27.446043 15.429029 27.188715 19.948753 41.993492 40.866570 
coin-easy-05.pgm  444   81  70  70 2 5h 22.324444 9.610943 25.673176 16.724735 27.919867 25.452738 94.592812 93.169029 
coin-easy-05.pgm  326   85  70  70 3 10t 65.875557 54.742992 63.950668 54.970264 60.307728 51.373138 71.961472 64.745880 
coin-easy-05.pgm  254  134  70  70 0 back 237.373337 1.388207 238.042145 1.628599 238.843048 1.828839 239.891953 2.238199 
coin-easy-05.pgm  134  137  70  70 0 back 235.875549 1.443793 235.600204 1.853424 235.173065 2.302796 234.508194 2.766189 
coin-easy-05.pgm   71  193  70  70 2 5h 33.253334 13.910755 37.574512 21.314966 36.424847 26.074274 94.631348 83.000572 
coin-easy-05.pgm  445  197  70  70 4 10h 22.026667 10.174933 21.216856 10.678496 23.668089 17.685350 36.291592 37.964321 
coin-easy-05.pgm  198  201  70  70 3 10t 44.746666 42.108681 55.454266 53.485920 56.422474 55.187851 60.955479 61.954086 
coin-easy-05.pgm  326  201  70  70 1 5t 44.097778 39.323891 46.470711 38.516827 40.934566 31.919827 101.702682 89.179932 
coin-easy-05.pgm  381  257  70  70 0 back 251.448883 1.241086 251.545731 1.410545 251.236603 1.564703 250.775055 1.670960 
coin-easy-05.pgm   72  311  70  70 4 10h 34.804443 12.797590 35.845837 16.634436 35.756283 20.310440 48.395210 39.276699 
coin-easy-05.pgm  183  312  70  70 2 5h 13.191112 6.435081 16.187050 11.800735 22.126125 22.947762 87.473572 89.531319 
coin-easy-05.pgm  436  313  70  70 1 5t 41.982224 44.579002 34.516956 36.296474 30.039829 30.616667 95.076546 92.627174 
coin-easy-05.pgm  313  319  70  70 3 10t 59.564445 43.449364 59.764645 52.362045 58.268375 51.111309 65.052071 59.184185 
coin-easy-05.pgm  127  363  70  70 0 back 231.391113 0.894499 231.082214 1.000500 230.922714 1.118520 230.678726 1.373133 
coin-easy-05.pgm   68  413  70  70 1 5t 48.560001 39.348267 44.937305 36.551510 39.961121 31.521496 99.538399 86.799202 
coin-easy-05.pgm  188  423  70  70 3 10t 57.102222 41.694576 60.653648 50.896015 60.066856 51.485134 68.107262 60.508148 
coin-easy-05.pgm  313  425  70  70 2 5h 42.151112 15.238598 42.918808 19.182777 45.330013 24.909607 103.495705 84.128853 
coin-easy-05.pgm  441  426  70  70 4 10h 29.413334 14.646993 34.294964 19.401318 34.927452 21.898058 58.041916 54.216713 
coin-easy-06.pgm   84   77  70  70 4 10h 27.764444 13.654044 26.204521 14.568828 28.607397 22.023130 37.586567 35.158703 
coin-easy-06.pgm  199   78  70  70 1 5t 42.595554 30.683615 44.032887 35.791737 37.619251 28.082438 98.282997 85.260536 
coin-easy-06.pgm  452   82  70  70 2 5h 20.835556 7.624770 23.459404 14.611017 29.394974 28.050325 94.866959 93.372963 
coin-easy-06.pgm  335   87  70  70 3 10t 64.031113 53.064259 59.519012 49.959862 57.618778 49.441296 62.965115 55.874496 
coin-easy-06.pgm  144  135  70  70 0 back 232.822220 1.388839 232.297012 2.796976 231.937408 3.516178 231.893250 3.347515 
coin-easy-06.pgm  261  135  70  70 0 back 243.533340 1.396741 243.488174 1.457308 243.407776 1.493065 243.293930 1.582051 
coin-easy-06.pgm   83  190  70  70 2 5h 34.382221 12.489007 38.175747 21.253252 35.479374 24.888792 94.070557 81.552338 
coin-easy-06.pgm  455  198  70  70 4 10h 20.462223 9.432652 25.224049 16.024078 24.328592 18.855709 42.118980 45.211468 
coin-easy-06.pgm  205  200  70  70 3 10t 46.253334 44.251259 51.136692 49.895996 53.139877 51.196548 53.281437 53.207958 
coin-easy-06.pgm  328  205  70  70 1 5t 41.777779 37.243458 44.441933 37.252239 40.107635 29.663874 99.777405 88.939568 
coin-easy-06.pgm  391  250  70  70 0 back 247.631104 1.242153 248.227127 1.176060 248.302994 1.137704 248.375687 1.278573 
coin-easy-06.pgm   85  298  70  70 4 10h 38.360001 20.667377 34.133606 17.171440 35.925083 22.234325 48.846134 41.444386 
coin-easy-06.pgm  197  304  70  70 2 5h 15.502222 8.238460 17.039055 11.740337 23.743954 24.490883 88.654778 89.524368 
coin-easy-06.pgm  320  312  70  70 3 10t 58.382221 47.230934 61.724564 56.402180 58.953060 54.822632 57.876076 53.592102 
coin-easy-06.pgm  451  312  70  70 1 5t 39.186668 45.131496 34.698868 35.352455 33.355618 33.599846 95.549858 92.752419 
coin-easy-06.pgm  139  358  70  70 0 back 231.115555 0.933886 230.954773 1.058379 230.781891 1.106466 230.539703 1.190731 
coin-easy-06.pgm   82  414  70  70 1 5t 51.266666 38.630520 46.255909 38.571507 39.988621 32.382809 98.971100 86.476250 
coin-easy-06.pgm  323  419  70  70 2 5h 36.520000 12.004622 39.574512 17.801285 38.828831 20.272911 98.416039 81.145119 
coin-easy-06.pgm  203  421  70  70 3 10t 69.373337 57.468918 65.464546 59.173447 61.189663 53.275120 76.015099 68.631203 
coin-easy-06.pgm  452  424  70  70 4 10h 31.528889 15.668266 32.819115 17.776474 34.195354 21.258400 59.008850 56.450550 
coin-easy-07.pgm   76   78  70  70 4 10h 29.008888 14.892958 28.273382 16.399477 28.695591 20.443598 42.793282 40.551170 
coin-easy-07.pgm  191   79  70  70 1 5t 45.604443 40.043732 43.275436 34.102226 38.853485 29.111595 100.082008 86.850624 
coin-easy-07.pgm  445   83  70  70 2 5h 23.151112 11.999408 23.188078 14.441326 29.695591 28.390942 94.761002 93.188744 
coin-easy-07.pgm  328   85  70  70 3 10t 61.271111 41.779636 61.753342 52.075405 59.186817 49.898319 70.063522 62.183174 
coin-easy-07.pgm  259  131  70  70 0 back 241.648895 1.320336 241.566284 1.379510 241.419159 1.628794 241.346527 1.845502 
coin-easy-07.pgm  135  134  70  70 0 back 234.902222 1.416849 234.693726 1.658282 234.476059 1.946540 233.865402 2.197037 
coin-easy-07.pgm  383  137  70  70 0 back 251.688889 1.331753 251.626923 1.982168 251.514465 2.494203 250.599838 3.278899 
coin-easy-07.pgm   80  187  70  70 2 5h 32.475555 18.021610 36.807812 24.439405 35.806545 28.034512 92.903671 81.662498 
coin-easy-07.pgm  194  198  70  70 3 10t 54.737778 52.370369 56.200413 55.113007 56.567566 54.683071 60.571987 60.939762 
coin-easy-07.pgm  446  201  70  70 4 10h 18.048889 8.467793 23.906475 15.815197 23.721668 18.407600 40.111691 43.184509 
coin-easy-07.pgm  318  202  70  70 1 5t 49.222221 42.792099 43.420349 34.859375 39.348507 27.985161 99.114037 87.187889 
coin-easy-07.pgm   73  297  70  70 4 10h 39.759998 21.687822 34.547791 18.103821 35.357990 22.348652 51.378548 45.268406 
coin-easy-07.pgm  190  304  70  70 2 5h 16.244444 9.979062 20.792395 15.857541 23.867710 24.433523 88.597763 90.333572 
coin-easy-07.pgm  312  306  70  70 3 10t 50.662224 44.870716 59.255909 55.034431 57.065907 53.176315 64.220779 60.555412 
coin-easy-07.pgm  441  309  70  70 1 5t 41.773335 46.686577 38.456322 40.154755 32.843052 32.768139 95.671700 91.862152 
coin-easy-07.pgm  374  361  70  70 0 back 247.568893 1.297857 247.540604 1.723841 247.803223 1.947110 247.908096 2.055142 
coin-easy-07.pgm   73  408  70  70 1 5t 44.235554 30.220997 46.639259 37.973671 40.566147 32.411289 98.923981 86.832939 
coin-easy-07.pgm  194  420  70  70 3 10t 58.511112 46.570667 60.171635 51.590118 59.358463 51.634827 70.332726 63.675098 
coin-easy-07.pgm  315  420  70  70 2 5h 38.373333 11.454815 38.754368 17.847185 40.009010 21.205200 100.691750 84.241287 
coin-easy-07.pgm  438  423  70  70 4 10h 38.951111 11.944375 35.331963 15.082897 34.546703 20.121990 54.701118 49.669842 
coin-easy-08.pgm  201   64  70  70 1 5t 48.351112 41.956661 45.602261 34.493164 42.327644 31.309198 102.052589 86.497681 
coin-easy-08.pgm  327   69  70  70 3 10t 61.715557 54.277294 62.942448 54.662727 58.023708 50.861877 58.301743 49.346504 
coin-easy-08.pgm   77   70  70  70 4 10h 29.057777 15.302676 27.278521 14.142998 27.215267 18.134159 37.371517 33.471207 
coin-easy-08.pgm  452   70  70  70 2 5h 25.426666 14.628622 24.751286 15.304333 29.881460 27.872164 95.357979 93.649643 
coin-easy-08.pgm  141  118  70  70 0 back 235.342224 1.437077 235.310379 1.525148 235.171646 1.862526 234.568604 2.368855 
coin-easy-08.pgm  393  129  70  70 0 back 246.399994 1.868444 247.239471 2.640046 247.906113 2.887038 248.320236 3.214585 
coin-easy-08.pgm   72  170  70  70 2 5h 30.337778 16.278715 34.901337 23.292259 33.654812 26.002827 93.019524 83.358238 
coin-easy-08.pgm  200  186  70  70 3 10t 61.115555 57.399548 61.491264 59.571026 56.138454 54.334251 70.638115 70.240036 
coin-easy-08.pgm  449  189  70  70 4 10h 19.275555 8.328494 22.369989 13.786748 23.188715 17.757895 40.790421 43.779079 
coin-easy-08.pgm  322  189  70  70 1 5t 52.680000 47.541687 43.261047 33.751446 39.454720 28.685362 98.758659 85.366356 
coin-easy-08.pgm   76  285  70  70 4 10h 33.413334 15.351467 34.676258 16.931244 35.022758 20.691690 52.444157 46.095825 
coin-easy-08.pgm  317  291  70  70 3 10t 50.395557 42.759979 54.765675 47.805470 56.027500 50.483383 56.589951 51.129688 
coin-easy-08.pgm  194  292  70  70 2 5h 13.364445 6.826943 20.473793 17.263327 27.000948 29.404110 90.997398 93.324028 
coin-easy-08.pgm  446  298  70  70 1 5t 35.986668 35.988861 37.401852 37.097012 32.449028 30.575256 94.938560 90.375397 
coin-easy-08.pgm  129  347  70  70 0 back 231.564438 0.939575 231.213776 1.011295 230.958755 1.019372 230.713623 1.223316 
coin-easy-08.pgm  249  349  70  70 0 back 242.888885 1.005432 242.657761 1.038834 242.495026 1.164131 242.128098 1.452842 
coin-easy-08.pgm   75  398  70  70 1 5t 49.533333 38.884148 44.318604 35.688225 41.569466 34.923042 97.847435 87.558685 
coin-easy-08.pgm  441  412  70  70 4 10h 39.342224 14.069136 37.352516 18.831293 35.494072 20.927584 56.767769 51.416573 
coin-easy-08.pgm  199  412  70  70 3 10t 60.311111 53.952000 59.019527 53.997635 56.402561 50.225254 71.423851 65.734406 
coin-easy-08.pgm  330  413  70  70 2 5h 40.937778 11.492504 40.075027 16.343042 41.424847 19.763292 100.154388 80.620728 
coin-easy-09.pgm  446   78  70  70 2 5h 21.644444 9.768888 25.551901 16.324585 29.608345 27.556980 95.464981 93.316803 
coin-easy-09.pgm  199   78  70  70 1 5t 43.884445 33.166264 45.496403 35.806900 41.563774 30.686203 100.933868 86.247787 
coin-easy-09.pgm   80   84  70  70 4 10h 26.213333 12.634311 27.073997 15.380885 28.282124 21.332008 46.682373 46.981750 
coin-easy-09.pgm  326   85  70  70 3 10t 52.795555 41.830441 58.230217 50.842457 58.262211 52.206570 57.032803 50.725674 
coin-easy-09.pgm  138  131  70  70 0 back 234.257782 0.977738 234.457352 1.321654 234.155045 1.813068 233.487106 2.321554 
coin-easy-09.pgm   78  186  70  70 2 5h 33.097778 13.017916 35.397739 19.614283 34.167377 24.252613 91.883362 81.802299 
coin-easy-09.pgm  199  192  70  70 3 10t 57.337776 53.828148 60.076054 59.941418 57.385963 55.761974 65.659462 66.687202 
coin-easy-09.pgm  313  196  70  70 1 5t 48.253334 41.755852 42.860226 33.851665 42.095779 32.030277 99.085136 86.332596 
coin-easy-09.pgm  447  200  70  70 4 10h 22.777779 12.322963 22.387461 13.622504 23.478426 18.133921 44.403282 49.026760 
coin-easy-09.pgm  131  241  70  70 0 back 233.777771 2.674568 233.089417 2.387602 232.316742 2.475214 231.368912 2.770542 
coin-easy-09.pgm  372  244  70  70 0 back 250.302216 1.086815 250.062698 1.413380 249.961594 1.610651 249.714920 1.784897 
coin-easy-09.pgm   72  296  70  70 4 10h 31.444445 13.326420 36.381294 17.947296 35.026554 20.500860 49.758396 42.215916 
coin-easy-09.pgm  313  304  70  70 3 10t 55.266666 47.643261 55.830421 47.778168 55.366524 48.975651 55.292633 48.579769 
coin-easy-09.pgm  188  306  70  70 2 5h 12.773334 7.182578 20.644400 18.184923 23.326221 24.363543 88.316841 91.244308 
coin-easy-09.pgm  445  309  70  70 1 5t 36.582222 35.673836 37.349434 37.969124 33.520626 32.633114 95.121582 92.185013 
coin-easy-09.pgm  248  360  70  70 0 back 240.026672 1.012385 240.505646 1.125754 240.641541 1.207411 240.638641 1.376405 
coin-easy-09.pgm   73  413  70  70 1 5t 50.431110 46.242409 43.184994 37.691257 42.583691 38.193813 98.535019 88.661613 
coin-easy-09.pgm  197  424  70  70 3 10t 60.840000 57.305954 58.392601 51.088696 55.934566 49.674984 63.335590 57.897678 
coin-easy-09.pgm  323  425  70  70 2 5h 41.671112 16.040890 41.254883 16.862438 41.144619 19.766491 101.775055 81.748421 
coin-easy-09.pgm  453  428  70  70 4 10h 38.333332 18.337778 35.828365 20.740696 35.615459 23.361814 56.187710 51.152367 
coin-easy-10.pgm  192   72  70  70 1 5t 42.146667 34.405453 42.702980 32.069107 38.064484 26.204395 99.494659 86.457291 
coin-easy-10.pgm   78   75  70  70 4 10h 24.724445 10.860444 27.206577 16.011028 27.085348 20.571856 43.903412 43.700626 
coin-easy-10.pgm  326   76  70  70 3 10t 58.404446 53.193638 58.438850 49.278030 57.091511 49.241150 57.775841 49.865772 
coin-easy-10.pgm  451   81  70  70 2 5h 18.955555 7.666173 25.433710 17.466650 29.609768 28.030363 94.968498 93.473572 
coin-easy-10.pgm  262  121  70  70 0 back 240.146667 1.013926 240.360733 1.424545 240.605972 1.820608 240.871902 1.996060 
coin-easy-10.pgm  138  128  70  70 0 back 234.759995 2.038044 234.983551 2.167364 234.724045 2.406348 234.152832 2.789614 
coin-easy-10.pgm   80  180  70  70 2 5h 36.311111 12.526814 37.198357 19.018705 35.626362 24.799740 93.447281 81.489334 
coin-easy-10.pgm  324  187  70  70 1 5t 43.355556 32.597137 43.917782 35.119221 38.079185 27.279949 99.397552 87.571953 
coin-easy-10.pgm  205  188  70  70 3 10t 55.488888 55.610863 55.478931 54.601849 53.230442 51.786606 69.362144 70.477928 
coin-easy-10.pgm  458  191  70  70 4 10h 24.737778 10.716010 22.328880 11.170654 23.828354 17.406992 41.396770 44.221138 
coin-easy-10.pgm  389  245  70  70 0 back 251.422226 1.161481 251.208633 1.664407 250.878143 1.961745 250.393646 2.153557 
coin-easy-10.pgm   75  291  70  70 4 10h 32.488888 16.118914 37.644398 20.488508 35.242767 20.744038 53.354855 46.811859 
coin-easy-10.pgm  204  296  70  70 2 5h 15.315556 7.800415 21.437820 18.251123 23.218113 23.134356 87.961205 90.277000 
coin-easy-10.pgm  318  301  70  70 3 10t 57.382221 43.745186 59.048306 50.886341 59.267426 52.521088 67.768028 61.986584 
coin-easy-10.pgm  455  302  70  70 1 5t 44.391109 48.082409 35.536484 36.097111 31.300617 29.195255 93.669357 90.439529 
coin-easy-10.pgm  383  354  70  70 0 back 248.582230 0.924168 248.960953 1.624380 248.719772 2.000430 248.576416 2.390623 
coin-easy-10.pgm   77  406  70  70 1 5t 47.853333 42.160000 45.147995 38.838432 40.848743 35.884094 100.339493 88.823837 
coin-easy-10.pgm  200  413  70  70 3 10t 61.764446 50.753620 62.564236 54.165619 58.062588 50.356510 68.989326 61.749424 
coin-easy-10.pgm  448  414  70  70 4 10h 31.635555 14.068503 32.697842 18.084793 34.122334 21.065872 47.218952 40.813396 
coin-easy-10.pgm  319  419  70  70 2 5h 40.880001 14.488533 39.190132 16.398556 40.836891 20.069307 100.593071 80.986320 
coin-easy-11.pgm  196   77  70  70 1 5t 50.715557 44.607487 42.956833 32.663200 39.824089 29.009176 99.440773 85.814987 
coin-easy-11.pgm  329   80  70  70 3 10t 54.284443 43.116959 60.824253 49.934242 59.208630 48.632896 63.027596 53.841610 
coin-easy-11.pgm  452   82  70  70 2 5h 21.648890 11.866508 27.282631 20.520565 28.874823 27.006491 95.644104 94.164337 
coin-easy-11.pgm   82   83  70  70 4 10h 25.591110 11.785323 28.671120 18.503857 27.292555 20.254747 46.712315 47.112610 
coin-easy-11.pgm  266  129  70  70 0 back 242.706665 1.072593 242.342239 1.484911 242.014694 1.691217 241.711792 1.991092 
coin-easy-11.pgm   87  189  70  70 2 5h 36.617779 14.417935 36.760536 20.094601 34.779041 24.539223 93.464203 82.087486 
coin-easy-11.pgm  213  190  70  70 3 10t 55.560001 54.784355 54.890030 54.079693 51.829304 50.699951 60.461338 60.764423 
coin-easy-11.pgm  334  198  70  70 1 5t 48.826668 42.783051 44.318604 36.906719 45.710762 38.701431 100.831032 90.148491 
coin-easy-11.pgm  465  199  70  70 4 10h 23.546667 10.706133 23.523125 13.923000 24.046942 17.978477 41.822182 44.051186 
coin-easy-11.pgm  140  246  70  70 0 back 231.093338 1.599289 231.420349 1.942505 231.632050 2.058185 231.534760 2.171190 
coin-easy-11.pgm  205  304  70  70 2 5h 17.862223 9.236345 22.172663 18.280849 24.469418 24.544786 89.675865 91.653381 
coin-easy-11.pgm  326  305  70  70 3 10t 60.168888 48.807468 61.298046 53.021683 60.496918 52.723267 68.665451 62.847065 
coin-easy-11.pgm   80  310  70  70 4 10h 32.386665 15.092504 34.476875 18.438833 35.293503 22.075302 57.464985 52.105499 
coin-easy-11.pgm  456  313  70  70 1 5t 39.906666 41.441185 33.528263 32.124088 31.528212 29.486485 94.873734 90.068451 
coin-easy-11.pgm  262  362  70  70 0 back 241.622223 1.093136 241.476883 1.208904 241.404449 1.265636 241.339752 1.498549 
coin-easy-11.pgm  385  366  70  70 0 back 251.111115 1.239506 250.971222 1.567488 250.587006 1.897957 250.036972 2.137896 
coin-easy-11.pgm   85  414  70  70 1 5t 40.720001 30.241066 45.064747 38.329929 44.614983 38.726421 100.877373 88.408684 
coin-easy-11.pgm  201  419  70  70 3 10t 61.639999 50.130489 61.063721 54.577751 59.797535 53.945004 66.171829 60.130810 
coin-easy-11.pgm  456  427  70  70 4 10h 32.742222 16.741016 31.573484 15.114082 33.706497 19.105362 50.943764 44.556389 
coin-easy-11.pgm  322  430  70  70 2 5h 38.293335 13.197511 37.942448 15.247614 39.115696 20.686274 99.640717 82.130577 
coin-easy-12.pgm   78   85  70  70 4 10h 30.786667 16.071112 29.939363 19.214132 28.170696 20.703045 52.108307 53.279205 
coin-easy-12.pgm  198   85  70  70 1 5t 55.275555 45.888317 43.120247 32.710556 39.239449 28.600744 99.559227 85.075684 
coin-easy-12.pgm  460   89  70  70 2 5h 25.671112 12.891418 27.684481 21.745289 31.596966 30.768684 96.734703 94.502357 
coin-easy-12.pgm  335   91  70  70 3 10t 56.026669 38.192711 60.874615 50.071705 61.707443 51.246231 68.727417 60.161755 
coin-easy-12.pgm  137  141  70  70 0 back 237.284439 1.744632 235.019531 2.471620 233.719772 2.990557 232.467072 3.721452 
coin-easy-12.pgm   78  194  70  70 2 5h 30.937778 14.641461 31.463514 17.631195 33.971550 24.049833 91.455353 81.037529 
coin-easy-12.pgm  207  197  70  70 3 10t 53.448891 45.267910 56.636177 53.819614 53.709816 51.171204 63.765163 62.913227 
coin-easy-12.pgm  332  203  70  70 1 5t 46.777779 41.693829 45.515930 39.023685 39.291607 32.332573 99.084610 88.591476 
coin-easy-12.pgm  468  206  70  70 4 10h 22.893333 13.316504 22.761562 14.788553 23.460882 18.584141 41.330383 44.418739 
coin-easy-12.pgm  395  254  70  70 0 back 249.226669 1.324207 249.659821 1.264256 249.635849 1.273285 249.875809 1.372526 
coin-easy-12.pgm  269  255  70  70 0 back 242.924438 1.725551 243.094559 2.398722 243.191086 2.895353 242.941422 3.351414 
coin-easy-12.pgm   80  318  70  70 4 10h 34.320000 16.844444 34.277493 19.263407 33.912281 21.399033 53.458214 48.496410 
coin-easy-12.pgm  200  319  70  70 2 5h 16.248888 9.378568 20.391573 16.019796 23.788525 24.401423 89.525383 91.449188 
coin-easy-12.pgm  334  320  70  70 3 10t 56.906666 46.222221 59.516956 52.518242 56.538643 49.852745 74.919289 70.227264 
coin-easy-12.pgm  472  320  70  70 1 5t 46.857777 48.842823 38.324768 38.719135 34.386440 32.680359 95.537621 90.444077 
coin-easy-12.pgm  266  368  70  70 0 back 242.537781 1.127585 242.332993 1.135647 242.184921 1.244882 241.966415 1.366979 
coin-easy-12.pgm   86  422  70  70 1 5t 47.773335 38.206459 44.798561 36.586365 41.092461 33.609249 98.998962 87.117195 
coin-easy-12.pgm  205  432  70  70 3 10t 58.022221 49.080296 62.330936 57.435535 58.828354 53.988968 59.127831 52.724003 
coin-easy-12.pgm  459  434  70  70 4 10h 33.217777 12.181334 34.283657 15.222445 34.670460 19.739479 52.447281 45.799286 
coin-easy-12.pgm  323  436  70  70 2 5h 37.160000 12.631823 37.522095 14.716843 40.506401 21.757053 99.464981 82.210144 
coin-easy-13.pgm  462   73  70  70 2 5h 21.702223 9.258548 23.394655 14.795638 28.692745 27.290670 95.284561 93.592583 
coin-easy-13.pgm  205   76  70  70 1 5t 46.799999 36.481777 45.791367 36.784622 40.467045 29.208872 100.209579 85.166183 
coin-easy-13.pgm   90   79  70  70 4 10h 29.817778 17.130785 29.318602 17.704943 28.768610 21.947662 37.200470 34.476723 
coin-easy-13.pgm  334   85  70  70 3 10t 53.297779 38.077236 59.288799 49.501354 59.844002 50.691181 64.337669 56.563133 
coin-easy-13.pgm  400  139  70  70 0 back 245.493332 1.575585 246.251801 2.096608 246.972504 2.603795 247.556885 3.120211 
coin-easy-13.pgm  272  139  70  70 0 back 244.702225 1.213709 244.215820 1.424741 243.942154 1.647778 243.482422 1.991433 
coin-easy-13.pgm   89  183  70  70 2 5h 26.226667 11.899378 28.337101 15.453523 34.630157 25.950768 90.526947 80.757088 
coin-easy-13.pgm  337  193  70  70 1 5t 45.311111 40.688591 46.907501 40.891914 40.234707 32.708374 100.977867 89.595528 
coin-easy-13.pgm  467  195  70  70 4 10h 18.368889 11.509926 19.462486 11.281739 22.680418 17.456221 36.827129 38.557213 
coin-easy-13.pgm  205  196  70  70 3 10t 54.555557 54.889877 58.435764 58.508160 55.455193 53.962868 58.598282 58.584652 
coin-easy-13.pgm   80  306  70  70 4 10h 37.066666 15.223703 36.285713 18.022903 33.862495 20.037451 50.230408 44.113083 
coin-easy-13.pgm  333  308  70  70 3 10t 55.568890 46.014145 55.534431 46.650383 54.994308 48.180794 58.854465 53.169552 
coin-easy-13.pgm  467  309  70  70 1 5t 41.213333 36.599823 35.632065 34.219906 30.790422 29.002415 93.636551 90.244865 
coin-easy-13.pgm  199  311  70  70 2 5h 13.426666 7.436207 16.050360 11.652946 22.337126 23.724171 88.763344 91.053673 
coin-easy-13.pgm  398  363  70  70 0 back 251.444443 1.265185 251.004105 1.238420 250.488388 1.505144 249.992706 1.919634 
coin-easy-13.pgm  271  364  70  70 0 back 242.644440 0.905481 242.246658 1.108262 242.148880 1.243933 241.994797 1.445024 
coin-easy-13.pgm   83  415  70  70 1 5t 47.413334 40.759823 44.304214 37.741089 42.754387 36.705799 100.003387 88.174370 
coin-easy-13.pgm  206  420  70  70 3 10t 52.173332 42.233006 56.889004 51.091171 56.472736 51.851955 55.026817 48.338200 
coin-easy-13.pgm  452  423  70  70 4 10h 36.168888 12.601284 34.010277 13.826259 34.209103 19.067995 47.147099 39.843987 
coin-easy-13.pgm  329  427  70  70 2 5h 40.693333 11.669452 40.876671 16.579599 42.485538 21.836256 101.047127 81.371803 
coin-easy-14.pgm   86   77  70  70 4 10h 28.706667 12.795615 27.770811 16.089430 26.792793 19.806440 41.757614 40.084225 
coin-easy-14.pgm  196   78  70  70 1 5t 42.697777 25.093058 42.598148 31.078241 39.913231 28.381317 97.866440 83.410011 
coin-easy-14.pgm  329   79  70  70 3 10t 58.599998 46.117332 58.122303 47.158428 56.658607 47.947151 57.472794 48.874069 
coin-easy-14.pgm  458   79  70  70 2 5h 20.822222 8.604445 22.828365 13.913280 29.160265 27.067715 94.843010 92.935341 
coin-easy-14.pgm  264  128  70  70 0 back 241.457779 1.104632 241.028778 1.554312 240.683731 1.805548 240.523041 2.031262 
coin-easy-14.pgm  390  137  70  70 0 back 244.386673 1.455881 245.362793 1.847507 246.171173 2.418182 246.876068 2.909349 
coin-easy-14.pgm   85  181  70  70 2 5h 32.004444 12.138667 33.931141 18.475317 36.167377 25.809610 93.044777 81.574059 
coin-easy-14.pgm  205  190  70  70 3 10t 51.639999 50.107735 57.196301 57.778271 56.785206 56.563210 53.817234 54.118629 
coin-easy-14.pgm  327  191  70  70 1 5t 49.213333 45.785362 44.413155 36.208206 45.279755 37.364159 99.877899 86.641495 
coin-easy-14.pgm  461  196  70  70 4 10h 21.742222 10.516227 21.986639 11.927498 22.842106 16.285992 33.652435 33.568695 
coin-easy-14.pgm   77  303  70  70 4 10h 34.991112 16.531397 35.790340 16.894094 35.671883 21.331995 49.752930 41.729328 
coin-easy-14.pgm  456  305  70  70 1 5t 43.848888 48.727623 35.887974 37.016068 30.247984 30.427584 95.323090 92.858757 
coin-easy-14.pgm  191  308  70  70 2 5h 13.426666 6.360889 15.502569 10.687018 27.199146 30.027645 87.684456 89.780273 
coin-easy-14.pgm  327  310  70  70 3 10t 60.915554 48.666626 56.634121 47.420868 56.225700 48.560520 57.984638 51.913773 
coin-easy-14.pgm  387  370  70  70 0 back 251.617783 1.408751 251.572449 1.628320 251.074921 1.874947 250.631866 2.227687 
coin-easy-14.pgm  263  371  70  70 0 back 242.222229 1.051852 242.046249 1.048834 241.948792 1.168280 241.897949 1.413130 
coin-easy-14.pgm  201  431  70  70 3 10t 53.844444 48.955456 56.542652 48.173607 55.980560 49.253109 55.560532 48.450123 
coin-easy-14.pgm   76  432  70  70 1 5t 46.666668 34.231110 47.697842 40.479301 40.541962 33.002151 99.753189 87.728539 
coin-easy-14.pgm  447  437  70  70 4 10h 33.586666 17.148800 33.538540 17.231188 32.742058 19.632681 42.877636 35.318153 
coin-easy-14.pgm  323  438  70  70 2 5h 41.346668 14.738015 43.535458 18.712576 41.089142 19.875671 100.395988 80.936081 
coin-easy-15.pgm   80   74  70  70 4 10h 26.466667 13.210667 25.173689 14.216332 27.579895 21.013540 41.411350 39.929398 
coin-easy-15.pgm  202   75  70  70 1 5t 44.862221 38.038834 42.820145 34.644688 38.214794 29.278124 96.706589 83.770439 
coin-easy-15.pgm  458   76  70  70 2 5h 23.022223 11.459753 23.484070 14.243470 31.587955 29.319586 94.622498 93.027847 
coin-easy-15.pgm  336   82  70  70 3 10t 60.040001 44.782932 60.636177 49.368710 59.376007 50.676918 59.740952 51.070099 
coin-easy-15.pgm  268  133  70  70 0 back 241.622223 1.558716 241.290848 1.795629 241.135132 2.254943 240.974487 2.572613 
coin-easy-15.pgm  391  137  70  70 0 back 243.684448 1.138449 244.833511 1.538349 245.719299 1.974595 246.493622 2.382170 
coin-easy-15.pgm   86  175  70  70 2 5h 34.071110 13.868839 38.180885 19.929653 38.073967 26.868793 93.551422 81.209076 
coin-easy-15.pgm  203  192  70  70 3 10t 44.226665 42.730904 51.202465 49.886700 54.716927 53.665367 54.808125 55.443203 
coin-easy-15.pgm  329  192  70  70 1 5t 40.453335 29.789867 43.475849 34.283070 39.928402 29.628420 98.408226 86.958618 
coin-easy-15.pgm  455  193  70  70 4 10h 23.044445 9.858963 21.634121 10.636169 23.366999 17.099556 32.546471 31.963612 
coin-easy-15.pgm   80  299  70  70 4 10h 34.204445 15.476029 35.265160 18.338249 37.266003 23.643881 51.149960 44.209576 
coin-easy-15.pgm  336  300  70  70 3 10t 59.364445 49.997944 59.468655 52.354118 57.458511 51.457851 55.043999 48.888004 
coin-easy-15.pgm  460  303  70  70 1 5t 47.599998 54.801777 33.760536 35.264351 33.463726 34.231960 93.235878 90.121277 
coin-easy-15.pgm  203  308  70  70 2 5h 14.475555 7.418904 17.202467 12.313046 24.884779 26.274288 88.636551 89.791100 
coin-easy-15.pgm  269  366  70  70 0 back 242.884445 0.940049 242.539566 1.082819 242.499756 1.140128 242.362152 1.332387 
coin-easy-15.pgm  142  368  70  70 0 back 232.391113 1.194785 232.246658 1.232209 232.007584 1.198657 231.694611 1.248767 
coin-easy-15.pgm   77  422  70  70 1 5t 45.888889 34.533333 46.062695 38.361267 39.832150 32.939388 99.465508 88.860992 
coin-easy-15.pgm  205  426  70  70 3 10t 52.604443 39.826687 59.016445 49.228920 59.046467 50.901611 57.686539 50.143402 
coin-easy-15.pgm  328  428  70  70 2 5h 35.902222 14.164504 37.569374 16.567114 41.072548 23.211733 98.028114 81.522522 
coin-easy-15.pgm  462  431  70  70 4 10h 33.368889 13.889659 33.479958 15.785354 33.326694 19.517845 49.230408 43.089462 
coin-easy-16.pgm   71   82  70  70 4 10h 26.808889 12.496553 26.179855 14.081495 29.595543 22.088335 38.708408 35.903286 
coin-easy-16.pgm  202   86  70  70 1 5t 50.511112 43.762173 45.981499 35.261570 41.459934 31.352245 101.550636 86.305359 
coin-easy-16.pgm  459   92  70  70 2 5h 18.786667 8.916740 25.408016 17.291321 28.754387 26.337269 95.286903 94.041649 
coin-easy-16.pgm  340   94  70  70 3 10t 58.768890 47.484642 63.522095 56.748783 61.036983 54.013275 65.193436 58.376934 
coin-easy-16.pgm  368  141  70  70 0 back 245.053329 1.153659 245.833511 2.115632 240.450455 11.880025 227.686539 34.058205 
coin-easy-16.pgm   70  195  70  70 2 5h 31.480000 18.196266 36.050358 24.672651 34.154575 25.672184 93.050247 82.858627 
coin-easy-16.pgm  200  196  70  70 3 10t 55.880001 54.935822 55.408016 54.038223 53.837837 52.049721 59.360321 59.262314 
coin-easy-16.pgm  334  199  70  70 1 5t 50.177776 44.885532 45.737923 37.484753 42.480324 31.181232 98.842751 86.040512 
coin-easy-16.pgm  454  200  70  70 4 10h 21.004444 9.961047 21.916752 12.492061 23.401138 18.163631 33.497528 33.500507 
coin-easy-16.pgm  266  257  70  70 0 back 239.426666 1.420444 238.935257 2.373982 239.447601 2.692584 239.969284 2.892209 
coin-easy-16.pgm  392  260  70  70 0 back 248.484451 1.080770 248.612534 1.258284 248.691330 1.401415 248.712051 1.629051 
coin-easy-16.pgm   76  316  70  70 4 10h 33.693333 16.650192 34.012333 17.864143 35.571835 21.383883 41.740692 32.358749 
coin-easy-16.pgm  460  317  70  70 1 5t 40.151112 45.739456 38.073997 39.692474 33.492176 33.954205 96.218430 91.909561 
coin-easy-16.pgm  208  318  70  70 2 5h 13.088889 6.157629 19.006166 15.431974 27.887625 31.280191 89.136681 90.466156 
coin-easy-16.pgm  335  322  70  70 3 10t 57.697777 49.628048 61.284687 57.442139 57.565197 53.069836 56.800053 52.676876 
coin-easy-16.pgm  269  392  70  70 0 back 241.506668 0.828444 241.489212 1.028474 241.435745 1.133919 241.398331 1.337625 
coin-easy-16.pgm   71  434  70  70 1 5t 51.315556 49.079903 46.006168 40.273842 40.167850 34.975323 99.974228 89.380745 
coin-easy-16.pgm  204  452  70  70 3 10t 57.186668 39.433956 62.832478 53.288357 62.908489 53.361244 66.354591 57.891006 
coin-easy-16.pgm  462  457  70  70 4 10h 41.404446 13.662262 37.010277 15.663557 35.013752 19.615713 51.363186 44.232910 
coin-easy-16.pgm  337  459  70  70 2 5h 37.502224 10.953600 39.513874 18.057192 39.268375 20.396852 99.757614 83.916267 
coin-easy-17.pgm  196   79  70  70 1 5t 47.244446 39.429928 45.011307 35.092884 42.842579 31.696344 98.762299 83.701385 
coin-easy-17.pgm   68   81  70  70 4 10h 27.920000 14.946844 27.051388 14.683722 28.821241 20.138626 44.465504 42.710453 
coin-easy-17.pgm  335   87  70  70 3 10t 58.253334 52.762665 63.000000 54.754368 59.804646 52.389584 56.938297 48.296974 
coin-easy-17.pgm  463   89  70  70 2 5h 27.013334 14.159526 28.365879 20.341549 28.700333 26.658529 95.821144 94.257835 
coin-easy-17.pgm  399  146  70  70 0 back 245.004440 1.098667 245.349442 1.629009 246.070175 2.390424 247.147873 2.950743 
coin-easy-17.pgm  269  146  70  70 0 back 244.182220 1.236820 243.721481 1.569976 243.707443 1.459387 243.397812 1.528256 
coin-easy-17.pgm   75  201  70  70 2 5h 33.351112 16.479210 33.981499 20.539595 35.128021 27.365261 92.109344 82.775146 
coin-easy-17.pgm  204  207  70  70 3 10t 48.680000 41.122490 53.497429 48.715992 55.806068 52.266937 55.560532 54.465740 
coin-easy-17.pgm  470  210  70  70 4 10h 18.937778 9.508148 23.757452 15.124242 23.311522 17.685476 35.906273 37.021534 
coin-easy-17.pgm  334  212  70  70 1 5t 48.195557 41.282764 44.634121 35.971386 41.195827 28.612944 98.604012 85.035675 
coin-easy-17.pgm  400  271  70  70 0 back 248.195557 1.036602 248.363831 1.343747 248.578003 1.556048 248.976822 1.669889 
coin-easy-17.pgm  331  332  70  70 3 10t 51.924446 44.663189 57.603291 54.314129 56.219063 52.954559 58.326736 54.288906 
coin-easy-17.pgm   80  333  70  70 4 10h 36.826668 21.950933 33.752312 16.640642 34.853012 20.734482 49.070816 42.095253 
coin-easy-17.pgm  210  335  70  70 2 5h 12.204445 6.275832 19.627954 16.108297 23.233286 24.336765 89.487892 91.815208 
coin-easy-17.pgm  466  335  70  70 1 5t 39.448891 41.329025 38.641315 39.311737 33.135609 31.531460 96.547516 91.510712 
coin-easy-17.pgm  403  396  70  70 0 back 252.933334 1.258074 252.146973 1.370069 251.730209 1.621162 251.282211 1.979162 
coin-easy-17.pgm   79  444  70  70 1 5t 46.448891 41.028267 46.192188 38.802349 42.779041 37.268642 100.534760 88.674965 
coin-easy-17.pgm  475  455  70  70 4 10h 35.995556 11.515496 33.995888 14.128985 36.877193 20.887907 41.568340 30.034960 
coin-easy-17.pgm  208  456  70  70 3 10t 50.764446 34.797588 60.783146 50.982792 59.174492 51.263607 59.864357 51.987103 
coin-easy-17.pgm  333  463  70  70 2 5h 40.697777 13.414479 40.801643 16.736996 41.107635 20.820641 100.341576 81.790428 
coin-easy-18.pgm  202   77  70  70 1 5t 42.400002 30.412445 42.973278 32.293312 40.229492 27.815445 97.533195 83.534599 
coin-easy-18.pgm   73   87  70  70 4 10h 23.382223 8.524800 24.492292 12.619981 26.471313 18.958635 43.146057 42.869190 
coin-easy-18.pgm  481   87  70  70 2 5h 21.564444 8.896118 25.783144 16.401260 27.963490 25.487417 95.210625 93.970795 
coin-easy-18.pgm  337   88  70  70 3 10t 53.284443 42.337421 55.438850 46.925789 57.964912 50.574829 62.932308 55.645020 
coin-easy-18.pgm  488  147  70  70 0 back 254.782227 0.371674 254.577591 0.639902 253.996674 1.334774 243.458481 19.127312 
coin-easy-18.pgm  275  147  70  70 0 back 238.835556 1.467338 239.297012 1.751152 239.755341 1.812217 239.969025 1.868028 
coin-easy-18.pgm  212  211  70  70 3 10t 48.422222 42.070320 57.176773 53.617966 57.313892 53.207657 60.520958 59.968906 
coin-easy-18.pgm   81  211  70  70 2 5h 31.968889 12.817383 36.401852 19.918909 37.621147 28.115389 93.492577 82.724983 
coin-easy-18.pgm  479  212  70  70 4 10h 19.391111 8.269906 22.394655 13.700430 23.275486 17.864935 38.223640 40.202599 
coin-easy-18.pgm  348  216  70  70 1 5t 53.400002 49.802666 45.103802 37.799202 40.064484 29.690529 100.349129 87.327484 
coin-easy-18.pgm  411  272  70  70 0 back 249.404449 0.998598 249.653656 1.162681 249.712662 1.273637 249.919815 1.555310 
coin-easy-18.pgm   77  326  70  70 4 10h 33.324444 13.920632 33.168552 14.154430 34.237080 19.660475 44.104401 36.172493 
coin-easy-18.pgm  479  331  70  70 1 5t 40.608891 40.235653 35.116135 34.311836 30.957800 28.442719 93.506119 90.110466 
coin-easy-18.pgm  343  334  70  70 3 10t 55.671112 49.138214 55.063721 48.843826 53.968231 48.326263 53.156208 47.583515 
coin-easy-18.pgm  211  334  70  70 2 5h 13.924444 8.475694 21.030832 18.156347 23.820293 25.554455 89.185631 91.532188 
coin-easy-18.pgm  411  395  70  70 0 back 250.782227 1.002193 250.462494 1.454355 250.158844 1.667793 249.995575 1.972050 
coin-easy-18.pgm  215  449  70  70 3 10t 45.542221 33.642586 55.506680 48.787247 55.503555 49.797276 57.380108 50.760715 
coin-easy-18.pgm   80  451  70  70 1 5t 46.031113 33.062599 44.678314 36.533714 43.148888 35.545261 99.386879 86.788361 
coin-easy-18.pgm  477  452  70  70 4 10h 33.764446 15.746608 33.106888 17.908998 34.203415 21.062664 44.175735 36.192932 
coin-easy-18.pgm  341  457  70  70 2 5h 42.417778 13.359842 41.700924 16.789780 41.565670 19.542067 100.556885 80.373718 
coin-easy-19.pgm  197   92  70  70 1 5t 47.053333 41.314251 41.863308 32.288067 40.406353 28.331285 97.007812 83.971802 
coin-easy-19.pgm  332   94  70  70 3 10t 57.551109 47.787338 59.721481 49.604797 57.556664 47.703751 60.288208 51.550049 
coin-easy-19.pgm   74   96  70  70 4 10h 24.942223 11.845531 24.209661 12.358563 27.366999 20.802359 41.963810 41.013721 
coin-easy-19.pgm  473   98  70  70 2 5h 21.546667 8.913897 22.642344 13.170969 27.412518 24.012342 94.444939 93.110977 
coin-easy-19.pgm  405  158  70  70 0 back 253.199997 2.364444 251.707092 3.478833 251.022766 3.349808 250.756577 3.178821 
coin-easy-19.pgm  274  162  70  70 0 back 241.502228 1.504435 241.198349 1.505637 241.421524 1.455520 241.816711 1.673437 
coin-easy-19.pgm  470  222  70  70 4 10h 22.688889 9.848296 21.695786 11.230617 24.157894 18.457138 34.309032 35.173336 
coin-easy-19.pgm  208  222  70  70 3 10t 41.351112 35.960533 55.406990 53.706631 56.155998 54.010471 52.920334 52.206429 
coin-easy-19.pgm   77  227  70  70 2 5h 35.977779 14.888296 35.788284 18.191053 37.142723 26.237970 93.457695 82.521461 
coin-easy-19.pgm  344  232  70  70 1 5t 46.431110 36.920414 43.858170 34.938160 37.989094 27.491270 99.813591 88.265320 
coin-easy-19.pgm  271  286  70  70 0 back 242.208893 1.664672 242.011307 2.505218 242.197250 2.936352 242.027069 3.421559 
coin-easy-19.pgm  470  345  70  70 1 5t 51.586666 56.250786 37.304214 37.498081 32.351353 29.756155 94.612083 90.036011 
coin-easy-19.pgm   71  347  70  70 4 10h 33.320000 13.779911 35.059608 16.295633 34.759602 20.190165 46.468628 38.381294 
coin-easy-19.pgm  334  349  70  70 3 10t 51.502224 36.309570 57.706062 48.436611 57.339973 49.503952 56.001041 50.003532 
coin-easy-19.pgm  205  349  70  70 2 5h 17.302221 10.748800 21.613565 17.543858 23.633001 24.123840 88.839104 90.985985 
coin-easy-19.pgm  402  404  70  70 0 back 248.973328 1.136119 249.261047 1.793835 249.468475 2.131961 249.788330 2.509773 
coin-easy-19.pgm  471  457  70  70 4 10h 30.879999 15.897600 31.731758 16.315609 33.933144 19.456223 44.121063 36.164043 
coin-easy-19.pgm  211  463  70  70 3 10t 56.804443 51.378883 57.969166 49.948872 56.222382 49.523952 62.602188 55.891373 
coin-easy-19.pgm   86  465  70  70 1 5t 45.937778 34.893154 43.388489 34.266903 38.106686 29.884926 99.208282 86.926735 
coin-easy-19.pgm  333  466  70  70 2 5h 40.613335 12.909986 38.117165 14.804235 42.468468 21.101961 99.916428 80.382362 
coin-easy-20.pgm  467   83  70  70 2 5h 23.724445 11.757314 22.877697 13.506237 29.229019 26.668478 94.743294 92.829483 
coin-easy-20.pgm  337   85  70  70 3 10t 49.617779 34.592831 60.429600 49.087227 61.318634 49.493370 59.032024 49.029449 
coin-easy-20.pgm   75   86  70  70 4 10h 26.351110 14.504929 26.846865 14.579027 27.979610 20.328127 36.056755 33.098225 
coin-easy-20.pgm  196   86  70  70 1 5t 48.937778 39.259258 43.944500 34.132427 39.387386 27.741323 98.300446 83.324638 
coin-easy-20.pgm  270  147  70  70 0 back 239.048889 1.188859 239.257965 1.601126 239.384064 1.854252 239.370483 2.129226 
coin-easy-20.pgm  399  150  70  70 0 back 249.737778 1.041225 249.427551 1.569395 249.172119 2.022677 248.746674 2.414710 
coin-easy-20.pgm   77  207  70  70 2 5h 30.862223 15.929402 32.397739 19.199400 35.663822 27.006516 90.836761 80.159157 
coin-easy-20.pgm  211  212  70  70 3 10t 53.662224 53.641048 52.404934 51.289135 52.649597 51.262310 55.035927 54.972111 
coin-easy-20.pgm  466  214  70  70 4 10h 23.088888 12.309926 21.302158 12.139123 23.866287 18.658524 35.601925 36.630047 
coin-easy-20.pgm  337  217  70  70 1 5t 44.599998 39.031113 43.005138 36.737148 37.944523 30.095686 99.249413 89.239189 
coin-easy-20.pgm   76  325  70  70 4 10h 35.279999 16.253155 35.992805 17.353567 34.184921 19.674961 43.637856 34.878868 
coin-easy-20.pgm  196  327  70  70 2 5h 14.960000 6.649956 19.803699 15.103919 23.224751 23.794672 88.165321 90.556953 
coin-easy-20.pgm  336  330  70  70 3 10t 47.613335 35.283672 57.704010 51.014145 58.589378 51.167992 55.651131 49.524113 
coin-easy-20.pgm  474  333  70  70 1 5t 46.955555 49.649185 38.413155 38.200439 34.192982 32.010349 95.385315 89.759705 
coin-easy-20.pgm  270  383  70  70 0 back 240.306671 1.162074 240.621796 1.353500 240.945953 1.379673 241.000000 1.501692 
coin-easy-20.pgm  400  387  70  70 0 back 250.297775 1.236780 250.277496 1.554920 250.138931 1.745920 249.949753 2.056425 
coin-easy-20.pgm   73  442  70  70 1 5t 50.880001 42.070400 45.321686 36.648857 38.847794 30.434597 99.598801 87.188026 
coin-easy-20.pgm  332  445  70  70 2 5h 35.795555 10.622539 36.363823 14.038155 42.295403 22.129868 98.646706 80.549866 
coin-easy-20.pgm  210  447  70  70 3 10t 56.226665 43.662579 59.521069 50.919598 58.908962 52.286648 64.597504 57.864857 
coin-easy-20.pgm  469  449  70  70 4 10h 33.475555 13.273323 32.406990 13.946261 34.105263 18.961594 42.015099 32.938583 
coin-easy-21.pgm  203   79  70  70 1 5t 54.248890 40.878498 46.968140 37.652431 42.373161 31.751581 99.857849 84.853256 
coin-easy-21.pgm  474   83  70  70 2 5h 23.857779 10.669985 24.305241 13.714519 28.962067 26.271305 95.335068 93.259651 
coin-easy-21.pgm  343   84  70  70 3 10t 49.875557 33.895111 62.257965 52.601730 60.902798 50.886780 58.017445 49.171963 
coin-easy-21.pgm   80   87  70  70 4 10h 31.448889 16.521244 30.550873 18.216385 28.976292 20.501015 47.073418 46.120102 
coin-easy-21.pgm  272  146  70  70 0 back 237.888885 0.919506 238.458374 1.467844 238.643906 1.724840 238.789124 1.943076 
coin-easy-21.pgm  406  152  70  70 0 back 250.017776 1.097521 249.997940 1.431119 249.755814 1.896673 249.463165 2.366294 
coin-easy-21.pgm   85  202  70  70 2 5h 30.600000 15.888000 31.084276 18.108660 33.349930 24.809427 91.821144 81.587563 
coin-easy-21.pgm  210  212  70  70 3 10t 53.568890 52.106865 54.340183 53.407944 53.047890 52.558891 51.970322 51.510582 
coin-easy-21.pgm  472  219  70  70 4 10h 17.080000 8.037689 19.288797 10.738346 23.553818 18.589094 32.504555 32.436485 
coin-easy-21.pgm  341  221  70  70 1 5t 50.937778 44.617599 45.508736 37.382870 43.873398 37.495781 100.489456 89.851006 
coin-easy-21.pgm  406  281  70  70 0 back 248.244446 1.054222 248.329910 1.232357 248.569931 1.395662 248.681076 1.587796 
coin-easy-21.pgm   79  324  70  70 4 10h 33.031113 11.717886 34.846867 16.698503 35.316265 21.610617 45.917469 38.694946 
coin-easy-21.pgm  199  330  70  70 2 5h 13.373333 5.580207 17.390545 12.877352 25.856331 27.812557 89.034363 90.950935 
coin-easy-21.pgm  468  338  70  70 1 5t 38.742222 35.593243 37.709148 37.266006 31.302988 28.923969 95.836243 90.718666 
coin-easy-21.pgm  337  341  70  70 3 10t 53.386665 40.199585 60.454266 54.192280 60.804646 53.687557 65.465240 60.351803 
coin-easy-21.pgm  400  400  70  70 0 back 249.293335 1.136356 249.327850 1.372042 249.231857 1.601023 249.104919 1.875783 
coin-easy-21.pgm   77  454  70  70 1 5t 52.222221 43.719505 46.722507 40.391506 40.916550 33.169502 100.454826 88.098236 
coin-easy-21.pgm  209  467  70  70 3 10t 60.377777 46.511604 62.438850 55.906364 59.567566 52.860584 63.283001 56.203674 
coin-easy-21.pgm  472  469  70  70 4 10h 36.835556 12.067753 35.866394 14.490110 34.683262 18.011337 44.949753 34.756306 
coin-easy-21.pgm  333  469  70  70 2 5h 39.355556 13.266172 38.872559 15.410991 40.823612 21.547260 100.485809 82.290001 
coin-easy-22.pgm   84   87  70  70 4 10h 30.124445 15.088198 28.721479 15.896188 28.939308 21.345768 37.412651 34.354263 
coin-easy-22.pgm  206   87  70  70 1 5t 44.755554 29.194271 43.268242 33.609688 41.662399 30.930693 95.877899 81.459251 
coin-easy-22.pgm  472   98  70  70 2 5h 20.168888 10.228188 25.940390 17.929777 28.600285 26.851639 94.273369 93.199486 
coin-easy-22.pgm  344  102  70  70 3 10t 54.657776 40.385105 58.741009 49.529350 58.807964 50.621815 60.377506 52.688175 
coin-easy-22.pgm  272  157  70  70 0 back 237.937775 1.350242 238.149017 1.422369 237.971558 1.555121 237.877121 1.798165 
coin-easy-22.pgm  413  168  70  70 0 back 250.888885 1.556543 250.937302 2.679419 250.669037 3.265752 249.717255 3.721389 
coin-easy-22.pgm   90  206  70  70 2 5h 31.559999 12.787911 33.551903 16.676851 38.421051 29.005915 93.387657 82.327232 
coin-easy-22.pgm  345  225  70  70 1 5t 48.826668 45.904236 42.291882 36.156612 43.763870 36.669510 101.493881 90.181786 
coin-easy-22.pgm  211  226  70  70 3 10t 56.951111 55.876701 55.789310 54.654617 55.140823 53.545113 57.639156 57.160763 
coin-easy-22.pgm  479  233  70  70 4 10h 16.684444 7.606400 19.106886 9.926307 22.002846 15.953083 35.196304 36.081768 
coin-easy-22.pgm  412  293  70  70 0 back 249.697784 1.161639 249.903397 1.261210 250.001419 1.490601 250.226761 1.753454 
coin-easy-22.pgm   76  338  70  70 4 10h 32.888889 13.524939 35.473793 17.565666 37.319584 23.295658 47.272587 39.321133 
coin-easy-22.pgm  207  346  70  70 2 5h 13.222222 6.593580 15.994862 11.246618 22.554766 23.613716 87.844574 89.798332 
coin-easy-22.pgm  336  354  70  70 3 10t 49.666668 35.247406 55.356628 45.263565 54.960171 47.622463 58.714657 52.835350 
coin-easy-22.pgm  480  360  70  70 1 5t 36.893333 30.131792 34.807812 33.772652 29.284969 27.235041 96.632126 93.227135 
coin-easy-22.pgm  412  413  70  70 0 back 250.240005 1.119289 250.249741 1.604552 250.275482 2.052376 250.165848 2.522003 
coin-easy-22.pgm   77  467  70  70 1 5t 44.302223 30.915003 43.685509 34.019924 39.422001 31.156366 97.954956 87.088104 
coin-easy-22.pgm  194  473  70  70 3 10t 55.986668 50.016235 59.495377 56.220772 58.468468 55.479485 58.544910 53.748062 
coin-easy-22.pgm  340  475  70  70 2 5h 42.182220 13.833956 43.536484 18.215101 42.945946 21.132547 100.949753 81.608589 
coin-easy-22.pgm  476  480  70  70 4 10h 35.262222 11.409739 36.233299 16.209135 34.615459 19.367718 49.313198 42.569977 
coin-easy-23.pgm  199   71  70  70 1 5t 39.991112 29.677275 40.034943 29.853426 36.384541 25.930597 94.308510 81.135979 
coin-easy-23.pgm   81   76  70  70 4 10h 31.653334 13.641837 29.254881 17.003742 27.892366 20.786106 44.573029 43.748116 
coin-easy-23.pgm  337   77  70  70 3 10t 64.048889 54.692188 58.942448 47.344162 57.233288 48.355049 56.866440 47.968792 
coin-easy-23.pgm  477   88  70  70 2 5h 26.524445 18.469887 28.102776 20.973343 31.229967 30.312742 96.399635 94.512123 
coin-easy-23.pgm  406  145  70  70 0 back 243.915558 1.248000 244.826309 1.677054 245.834991 2.232103 246.777145 2.734200 
coin-easy-23.pgm  275  148  70  70 0 back 240.906662 1.305600 240.991776 1.526540 241.199615 1.785999 241.066132 2.117155 
coin-easy-23.pgm   85  200  70  70 2 5h 33.542221 13.580247 37.470711 20.066904 39.073021 28.047573 93.904709 81.402969 
coin-easy-23.pgm  205  209  70  70 3 10t 56.520000 57.241955 56.315517 56.009148 54.736843 53.081730 54.444935 54.112644 
coin-easy-23.pgm  476  211  70  70 4 10h 19.506666 10.738489 20.500513 11.170318 22.853485 17.008263 34.047382 34.919281 
coin-easy-23.pgm  347  213  70  70 1 5t 47.457779 44.646992 46.072971 40.050949 43.174965 35.487503 101.491280 89.708977 
coin-easy-23.pgm  407  276  70  70 0 back 249.631104 1.252425 249.246658 1.289790 248.986252 1.254727 248.867218 1.373347 
coin-easy-23.pgm   78  319  70  70 4 10h 36.302223 18.461670 34.153133 17.105204 33.822189 19.494356 44.462379 36.534447 
coin-easy-23.pgm  336  329  70  70 3 10t 59.862221 50.668404 57.839672 48.423073 56.161690 49.686935 56.183807 49.946884 
coin-easy-23.pgm  204  331  70  70 2 5h 14.142222 7.308444 16.601233 11.276915 23.740162 24.858255 88.255402 89.210770 
coin-easy-23.pgm  474  333  70  70 1 5t 44.142223 50.321579 34.651592 35.382126 36.113796 37.451752 97.017967 93.272186 
coin-easy-23.pgm  269  396  70  70 0 back 241.031113 1.027042 241.355606 1.287519 241.333328 1.461356 241.069778 1.828866 
coin-easy-23.pgm   77  442  70  70 1 5t 47.022221 40.981728 42.594040 34.984718 38.523472 31.973190 99.249672 89.134727 
coin-easy-23.pgm  197  448  70  70 3 10t 49.293335 43.999409 54.868446 49.445866 57.666668 53.931087 60.906796 56.258926 
coin-easy-23.pgm  474  451  70  70 4 10h 32.284443 14.235812 35.021584 17.903540 33.364628 18.673187 48.584743 41.597843 
coin-easy-23.pgm  342  451  70  70 2 5h 41.426666 15.592771 43.352516 18.939569 41.625889 20.537983 99.924759 80.906525 
coin-easy-24.pgm  467   70  70  70 2 5h 25.671112 11.919486 27.476875 19.300022 28.564722 26.845945 95.572250 93.837440 
coin-easy-24.pgm  196   79  70  70 1 5t 45.622223 41.333729 42.308323 34.832756 37.685158 28.723598 96.204117 83.210876 
coin-easy-24.pgm   83   81  70  70 4 10h 27.937778 13.145324 25.454266 14.071393 26.680891 19.602430 39.128353 36.821507 
coin-easy-24.pgm  333   81  70  70 3 10t 59.279999 49.596802 62.865364 54.289799 60.633949 52.790348 63.207497 55.079456 
coin-easy-24.pgm  403  138  70  70 0 back 249.817780 1.280474 249.795471 1.783492 249.601700 2.350061 249.176254 2.890636 
coin-easy-24.pgm  264  141  70  70 0 back 242.973328 1.338667 242.630005 1.583853 242.332855 1.709628 241.758133 1.974943 
coin-easy-24.pgm   82  192  70  70 2 5h 33.666668 17.798519 37.458378 22.143341 39.903271 30.753302 92.196564 80.704391 
coin-easy-24.pgm  464  202  70  70 4 10h 19.204445 8.030380 19.648510 9.425166 22.762920 16.714279 32.095028 32.148937 
coin-easy-24.pgm  202  202  70  70 3 10t 48.777779 46.498764 52.433712 52.968403 54.678993 54.296906 55.022388 56.054737 
coin-easy-24.pgm  338  206  70  70 1 5t 42.004444 31.935171 43.137718 33.641830 39.182552 28.035902 99.145798 87.785515 
coin-easy-24.pgm   80  312  70  70 4 10h 32.915554 16.636326 32.870502 16.396313 35.429588 21.485405 43.066128 35.364918 
coin-easy-24.pgm  198  323  70  70 2 5h 14.955556 7.528099 16.553957 11.016422 25.366524 26.492680 87.819839 88.435303 
coin-easy-24.pgm  469  323  70  70 1 5t 43.222221 50.531357 35.377186 36.790794 32.754387 32.527847 96.290810 91.607262 
coin-easy-24.pgm  335  325  70  70 3 10t 58.337776 45.158955 58.990749 51.362293 57.178757 50.520882 60.993492 55.311859 
coin-easy-24.pgm  401  383  70  70 0 back 250.240005 1.236978 249.931137 1.462047 249.753906 1.599404 249.568085 1.937271 
coin-easy-24.pgm  267  384  70  70 0 back 239.604446 0.989353 239.947586 1.128530 240.234711 1.420856 240.265549 1.700778 
coin-easy-24.pgm   75  431  70  70 1 5t 45.924446 39.979259 44.036999 37.800716 38.698910 33.314255 99.889351 89.646599 
coin-easy-24.pgm  205  439  70  70 3 10t 50.075554 42.782341 56.342239 48.203629 55.827881 49.078159 55.645405 48.590485 
coin-easy-24.pgm  465  445  70  70 4 10h 33.368889 15.541175 34.472763 18.322016 33.055950 19.764641 45.395729 38.823273 
coin-easy-24.pgm  332  445  70  70 2 5h 36.759998 13.166577 39.885921 18.066675 39.372215 21.300985 99.262695 82.925560 
\end
