576 0 3 8
coin10-01.pgm   67   66  70  70 0 10h 30.751112 9.223546 34.614594 14.157452 37.568989 21.008797 42.278313 31.320726 
coin10-01.pgm  207   75  70  70 0 10h 38.577778 17.457186 39.572456 17.746746 40.391655 21.272268 43.780525 32.546459 
coin10-01.pgm  361   81  70  70 0 10h 53.546665 19.281303 52.033916 17.471128 49.558559 21.082935 51.852383 33.123226 
coin10-01.pgm  496   82  70  70 0 10h 44.915554 16.411221 44.657761 15.266018 46.327644 19.045055 50.189014 30.288216 
coin10-01.pgm  130  125  70  70 2 back 60.617779 34.207722 60.124359 32.633942 63.010433 33.882385 63.598541 34.039364 
coin10-01.pgm  282  133  70  70 2 back 69.062225 36.883595 69.250771 38.773193 70.503082 37.325256 70.306953 37.628101 
coin10-01.pgm  427  137  70  70 2 back 70.835556 39.780266 70.836586 37.877434 71.565193 39.022552 72.059616 38.432594 
coin10-01.pgm   65  196  70  70 0 10h 44.271111 16.819201 42.898254 17.875423 41.989567 20.809053 48.201771 34.445438 
coin10-01.pgm  202  202  70  70 0 10h 47.391109 18.161304 47.644398 18.243593 49.311523 22.788729 51.249153 30.339302 
coin10-01.pgm  357  211  70  70 0 10h 35.106667 15.401244 34.574512 15.419530 37.172119 22.899492 43.222599 33.696465 
coin10-01.pgm  497  213  70  70 0 10h 41.106667 17.982578 40.024666 17.397148 41.057373 21.948404 47.189533 34.102474 
coin10-01.pgm  280  259  70  70 2 back 71.164444 36.061432 69.495377 36.331120 70.789474 37.541615 70.020050 36.738285 
coin10-01.pgm  422  275  70  70 2 back 79.635559 36.733669 76.106888 35.660858 73.619728 36.474567 74.205414 36.311523 
coin10-01.pgm   64  322  70  70 1 10t 62.680000 50.071823 67.873589 53.545624 66.256996 51.461102 61.543087 48.835918 
coin10-01.pgm  195  323  70  70 1 10t 59.333332 51.828148 62.704010 57.263321 59.890945 55.770382 56.786514 51.739567 
coin10-01.pgm  354  324  70  70 1 10t 56.991112 50.840927 62.449127 58.914227 59.402561 56.028053 54.614944 51.383270 
coin10-01.pgm  501  338  70  70 1 10t 60.706665 48.834488 64.798561 58.846600 61.197723 56.010597 56.869045 53.126694 
coin10-01.pgm  427  382  70  70 2 back 72.377777 34.282665 71.089417 38.804649 72.999054 38.875217 73.431915 38.724743 
coin10-01.pgm  121  383  70  70 2 back 63.515556 42.226173 62.565262 36.245995 63.158844 35.943542 63.590469 36.392151 
coin10-01.pgm  262  386  70  70 2 back 67.288887 36.436543 67.671120 37.115425 67.805595 36.940193 68.348351 37.478844 
coin10-01.pgm   59  452  70  70 1 10t 58.262222 46.861828 64.909561 54.076500 64.452347 53.691933 62.511585 49.754295 
coin10-01.pgm  199  462  70  70 1 10t 61.368889 48.979359 67.071945 55.487545 64.827408 52.667015 62.927101 50.128410 
coin10-01.pgm  351  470  70  70 1 10t 62.880001 52.535110 65.931137 56.879051 63.631104 54.209923 62.912003 50.376820 
coin10-01.pgm  492  471  70  70 1 10t 53.111111 50.734814 62.430626 61.004692 58.931721 57.192200 52.333248 52.693966 
coin10-02.pgm   71   68  70  70 0 10h 31.737778 13.717689 33.560123 14.901943 34.318161 19.898846 43.463161 33.711021 
coin10-02.pgm  206   74  70  70 0 10h 37.555557 16.205433 37.373074 17.510067 36.605976 21.177292 43.050247 34.300888 
coin10-02.pgm  361   77  70  70 0 10h 47.968887 13.167645 48.284687 16.014194 45.746326 22.393349 46.185108 32.018684 
coin10-02.pgm  508   84  70  70 0 10h 42.124443 14.951507 44.355602 16.300207 44.567566 19.859701 51.508461 33.555534 
coin10-02.pgm  133  124  70  70 2 back 56.595554 33.429569 58.372044 31.612654 60.247986 32.060371 60.600365 32.890480 
coin10-02.pgm  289  135  70  70 2 back 67.746666 37.800533 69.808838 37.945484 69.034615 37.688835 67.606873 37.520401 
coin10-02.pgm  441  139  70  70 2 back 71.524445 31.070301 69.605347 35.830292 69.649597 35.071777 70.348610 34.871220 
coin10-02.pgm   73  195  70  70 0 10h 38.453335 12.328297 40.228161 15.909704 39.322903 20.813854 46.308254 35.007996 
coin10-02.pgm  207  199  70  70 0 10h 43.195557 15.301926 44.789310 15.676133 44.860123 19.192352 49.112209 29.761734 
coin10-02.pgm  364  206  70  70 0 10h 35.342224 17.759684 32.430626 15.987959 31.738264 19.603388 41.165581 34.604053 
coin10-02.pgm  508  208  70  70 0 10h 37.733334 15.919408 36.278519 15.007631 38.150784 20.984886 44.085133 32.291584 
coin10-02.pgm  292  258  70  70 2 back 69.431114 35.910122 69.453239 34.625153 69.233757 36.327286 68.422287 35.380474 
coin10-02.pgm  435  261  70  70 2 back 69.724442 30.297640 70.121277 34.699745 70.698906 35.023033 71.080711 35.254059 
coin10-02.pgm   71  318  70  70 1 10t 58.884445 47.133789 66.311409 52.106461 63.929352 52.150265 56.000000 46.827389 
coin10-02.pgm  198  328  70  70 1 10t 51.253334 44.413631 58.559097 55.557232 57.599335 55.846394 57.073677 52.917423 
coin10-02.pgm  351  333  70  70 1 10t 48.271111 43.407646 52.677288 50.482586 55.138454 54.372124 54.402760 52.019081 
coin10-02.pgm  508  341  70  70 1 10t 55.977779 52.289581 62.824253 58.910240 60.190136 56.562428 52.343399 50.969456 
coin10-02.pgm  268  387  70  70 2 back 63.093334 36.680653 66.004112 37.579144 65.726883 38.108196 66.135643 37.443665 
coin10-02.pgm  125  389  70  70 2 back 62.080002 42.244267 60.390545 37.773678 62.221905 36.583916 61.997398 35.875267 
coin10-02.pgm  429  398  70  70 2 back 75.622223 41.922371 73.322716 40.841114 71.623520 39.493286 71.087997 39.141384 
coin10-02.pgm  351  453  70  70 1 10t 60.160000 51.593601 63.972252 54.899948 62.192982 55.050968 56.890915 49.103222 
coin10-02.pgm   67  456  70  70 1 10t 57.342224 49.615841 64.254883 55.861286 62.559505 54.046974 59.270241 49.736374 
coin10-02.pgm  201  457  70  70 1 10t 53.808887 41.407803 63.082218 52.145077 62.462303 53.155293 58.896900 49.738861 
coin10-02.pgm  493  461  70  70 1 10t 45.724445 43.878754 54.612537 53.146790 54.854435 54.570625 49.077843 50.797352 
coin10-03.pgm   73   74  70  70 0 10h 31.742222 12.724622 34.560123 15.775530 34.147938 20.651623 42.435562 33.288311 
coin10-03.pgm  218   81  70  70 0 10h 32.773335 12.473481 37.017471 19.407162 34.864391 20.970364 42.983337 34.887840 
coin10-03.pgm  367   84  70  70 0 10h 45.395557 12.943921 47.489208 18.177336 43.801327 22.246466 49.237438 34.672783 
coin10-03.pgm  510   88  70  70 0 10h 41.080002 11.709867 44.948612 17.469278 43.130394 19.519436 49.581879 31.674934 
coin10-03.pgm  283  132  70  70 2 back 70.342224 35.300701 67.828369 34.418518 68.612137 35.401962 67.839622 35.400047 
coin10-03.pgm  144  133  70  70 2 back 51.755554 32.686222 59.358685 31.894800 60.230915 33.554234 60.436344 33.550541 
coin10-03.pgm  429  140  70  70 2 back 71.137779 36.056850 69.632065 31.459703 70.822662 34.286697 71.058838 34.008595 
coin10-03.pgm   75  195  70  70 0 10h 36.666668 12.865185 39.959919 17.795168 38.128971 21.051325 45.143192 34.812180 
coin10-03.pgm  209  202  70  70 0 10h 37.404446 13.591348 44.881809 20.512461 43.849693 22.775660 48.167927 30.438604 
coin10-03.pgm  514  208  70  70 0 10h 35.404446 14.176316 41.052414 20.749207 39.782837 23.474159 45.257484 33.810730 
coin10-03.pgm  363  210  70  70 0 10h 29.639999 11.840356 30.968140 15.820696 30.855381 20.448818 42.260349 35.899456 
coin10-03.pgm  279  258  70  70 2 back 71.364441 39.013451 68.358681 38.548447 68.562828 36.750118 67.480865 37.111774 
coin10-03.pgm  139  262  70  70 2 back 62.599998 29.575111 62.566288 36.282276 62.427216 34.018700 62.718563 33.846695 
coin10-03.pgm  429  273  70  70 2 back 71.088890 33.222122 69.651596 36.650524 71.861069 35.563206 71.981255 35.772114 
coin10-03.pgm   75  329  70  70 1 10t 62.746666 42.340504 63.835560 46.941177 63.009483 49.325882 59.080448 47.958244 
coin10-03.pgm  203  334  70  70 1 10t 56.160000 52.177422 56.255909 52.313049 53.709339 51.945923 52.541527 49.040329 
coin10-03.pgm  355  339  70  70 1 10t 46.737778 44.891613 53.118191 49.133938 52.304882 49.374699 48.743034 47.362831 
coin10-03.pgm  509  345  70  70 1 10t 56.964443 55.097363 57.980473 53.103912 56.535324 52.049694 52.930225 50.417278 
coin10-03.pgm  285  401  70  70 2 back 65.066666 35.585186 69.170609 38.768570 69.238976 38.689812 68.748245 36.963619 
coin10-03.pgm  434  402  70  70 2 back 69.684448 40.755360 72.581703 40.808060 70.094360 38.888271 71.007286 39.431595 
coin10-03.pgm   79  450  70  70 1 10t 56.804443 43.883419 58.749229 47.381256 60.143196 49.894665 59.119759 48.636326 
coin10-03.pgm  511  461  70  70 1 10t 53.533333 50.769184 56.236382 52.574482 54.278332 51.737701 51.549858 51.297562 
coin10-03.pgm  206  461  70  70 1 10t 64.182220 50.988010 64.784172 52.713112 61.492176 49.085438 58.051289 46.771976 
coin10-03.pgm  362  467  70  70 1 10t 58.155556 48.409878 59.414185 48.062965 59.639164 50.567158 58.469669 49.343391 
coin10-04.pgm  508   71  70  70 0 10h 43.471111 14.949097 41.922920 15.048585 43.366997 20.762987 45.363445 27.851854 
coin10-04.pgm   82   74  70  70 0 10h 29.186666 12.313363 36.263103 19.882116 35.793266 22.807959 41.333767 30.480511 
coin10-04.pgm  372   80  70  70 0 10h 47.200001 15.532444 47.860226 20.768902 44.835941 23.083826 47.162720 31.352642 
coin10-04.pgm  223   81  70  70 0 10h 31.084444 17.513521 37.505653 21.629433 36.606922 23.423285 40.956001 32.451916 
coin10-04.pgm  143  127  70  70 2 back 54.773335 31.122252 60.559097 32.345852 60.520626 33.282299 60.710751 34.259937 
coin10-04.pgm  288  136  70  70 2 back 63.804443 34.865223 67.018501 40.742241 67.311996 39.156685 67.101013 38.527493 
coin10-04.pgm  443  140  70  70 2 back 66.231110 37.498508 70.314491 34.053070 70.656235 35.533829 71.296539 34.684200 
coin10-04.pgm   76  197  70  70 0 10h 37.426666 10.249125 40.476875 20.428680 40.175438 24.838495 45.231712 31.797472 
coin10-04.pgm  514  201  70  70 0 10h 34.191113 12.033382 41.558067 21.471880 39.811283 22.687571 45.330643 32.864368 
coin10-04.pgm  210  204  70  70 0 10h 42.315556 16.774914 45.820145 21.959112 44.519676 22.321373 47.486073 27.934650 
coin10-04.pgm  361  206  70  70 0 10h 31.257778 17.144810 34.113052 19.951611 32.722618 22.792786 41.094769 34.751190 
coin10-04.pgm  139  257  70  70 2 back 58.137779 33.782204 62.155190 35.098045 61.421528 33.627934 62.156471 33.841785 
coin10-04.pgm  283  260  70  70 2 back 67.746666 35.118816 67.630013 39.527966 66.658607 37.592022 67.626137 38.097572 
coin10-04.pgm  438  262  70  70 2 back 70.279999 36.299732 70.391571 34.710144 71.014221 36.342628 71.635513 36.423595 
coin10-04.pgm   79  324  70  70 1 10t 66.342224 46.740028 66.638229 48.631214 64.775726 49.153103 60.454830 46.929779 
coin10-04.pgm  357  333  70  70 1 10t 39.426666 29.993481 50.245632 44.610146 52.267426 49.545811 48.764126 47.244183 
coin10-04.pgm  201  333  70  70 1 10t 60.555557 54.217285 56.610481 53.094505 54.729729 51.374752 53.435043 48.190300 
coin10-04.pgm  508  339  70  70 1 10t 55.053333 47.567287 60.871532 54.931896 59.259365 53.834576 54.841969 50.408615 
coin10-04.pgm  287  388  70  70 2 back 66.542221 36.464317 70.108940 39.546989 69.371742 39.376541 69.413170 38.680355 
coin10-04.pgm  441  394  70  70 2 back 73.000000 34.746666 74.450157 38.002842 74.701752 37.342815 74.537621 36.352890 
coin10-04.pgm   80  444  70  70 1 10t 57.893333 45.200001 62.273380 49.324997 62.206734 51.896667 57.860455 49.019825 
coin10-04.pgm  203  452  70  70 1 10t 67.586670 49.727528 65.479958 50.961262 63.404930 50.141640 58.800835 45.880428 
coin10-04.pgm  354  454  70  70 1 10t 63.124443 46.508129 63.237411 50.005562 62.837837 52.091499 59.783909 48.216969 
coin10-04.pgm  508  457  70  70 1 10t 60.537777 55.452049 61.607399 58.132927 56.568043 54.907604 55.273628 52.084572 
coin10-05.pgm  503   69  70  70 0 10h 40.480000 14.476444 44.157246 17.415401 43.779991 20.061476 49.256184 31.493891 
coin10-05.pgm  209   71  70  70 0 10h 33.844444 16.829037 38.056526 20.386091 37.152206 22.232609 42.169487 32.430981 
coin10-05.pgm   75   73  70  70 0 10h 32.400002 15.966222 36.175747 20.122454 35.166904 22.336668 43.140327 32.523178 
coin10-05.pgm  353   76  70  70 0 10h 48.840000 15.680000 47.854061 20.362329 45.286392 23.920876 48.573288 31.755522 
coin10-05.pgm  140  119  70  70 2 back 62.857777 32.333431 59.500515 34.378788 60.709339 35.158344 60.291592 34.839584 
coin10-05.pgm  428  121  70  70 2 back 71.084442 37.295330 72.766701 38.423813 72.040306 36.481884 71.449104 36.894115 
coin10-05.pgm  279  126  70  70 2 back 70.373337 39.028149 68.577599 37.985550 68.992416 38.762844 67.865662 38.084736 
coin10-05.pgm   74  185  70  70 0 10h 39.897778 16.033895 40.571430 20.788431 40.033192 23.673117 44.683678 32.504990 
coin10-05.pgm  501  189  70  70 0 10h 36.520000 16.032711 39.524151 19.803995 39.619724 22.712662 45.916428 34.570473 
coin10-05.pgm  206  190  70  70 0 10h 47.866665 12.336000 45.183968 18.220312 46.130394 24.550262 47.960167 29.087553 
coin10-05.pgm  352  198  70  70 0 10h 34.373333 16.005569 35.304214 20.957945 34.650547 24.262863 41.864357 34.904999 
coin10-05.pgm  136  242  70  70 2 back 61.253334 33.072712 62.445015 36.210293 62.501659 34.274479 62.532154 34.625244 
coin10-05.pgm  427  253  70  70 2 back 74.404442 34.521996 71.353546 34.255413 72.037933 34.537193 72.598282 35.917854 
coin10-05.pgm  292  260  70  70 2 back 69.728889 41.583961 70.627953 38.876556 70.485535 39.141338 71.142670 37.836372 
coin10-05.pgm   73  307  70  70 1 10t 68.662224 51.896297 66.997948 52.128876 64.139877 49.130932 60.003124 45.732304 
coin10-05.pgm  200  320  70  70 1 10t 57.368889 46.322014 60.100719 56.756985 59.154575 55.387653 55.300701 48.448948 
coin10-05.pgm  355  326  70  70 1 10t 51.395557 41.391090 57.441933 52.951176 56.438595 53.634167 53.210884 48.676304 
coin10-05.pgm  499  330  70  70 1 10t 64.475555 60.598083 63.517986 58.817379 58.853958 54.667118 55.980736 50.011318 
coin10-05.pgm  132  363  70  70 2 back 63.506668 36.989628 62.243576 35.739700 62.418682 35.728779 62.654518 35.113323 
coin10-05.pgm  415  379  70  70 2 back 71.097778 38.039268 69.337105 40.232414 70.074440 40.043472 71.293152 39.549957 
coin10-05.pgm   73  429  70  70 1 10t 65.217781 43.888790 67.356628 54.175819 67.219536 54.226078 60.961990 49.523666 
coin10-05.pgm  198  437  70  70 1 10t 67.653336 49.736771 68.839668 54.979141 64.786629 52.893139 60.742516 47.941799 
coin10-05.pgm  347  442  70  70 1 10t 61.000000 43.733334 66.140800 54.251873 64.612137 53.151039 61.065609 49.220879 
coin10-05.pgm  490  447  70  70 1 10t 53.813332 51.350044 59.956833 59.506664 57.516834 56.468567 52.885185 51.133045 
coin10-06.pgm   80   74  70  70 0 10h 32.671112 14.026034 35.080166 15.746891 34.951637 20.646156 41.571205 31.061838 
coin10-06.pgm  503   76  70  70 0 10h 44.755554 16.266666 45.424461 17.230711 44.008060 19.666393 50.428272 32.096275 
coin10-06.pgm  217   79  70  70 0 10h 40.524445 13.794212 38.943474 15.903216 36.480324 19.561932 43.851082 33.872620 
coin10-06.pgm  360   80  70  70 0 10h 51.328888 15.447309 46.885921 18.468697 45.544807 24.767433 47.000519 33.030102 
coin10-06.pgm  145  125  70  70 2 back 60.364445 36.583546 59.223022 33.853588 61.521099 35.819069 61.337933 34.665543 
coin10-06.pgm  284  134  70  70 2 back 69.057777 39.484879 69.179855 36.950882 69.275963 38.432049 68.673004 37.104721 
coin10-06.pgm  432  136  70  70 2 back 69.044441 35.888592 69.284683 34.845486 69.781891 35.319424 70.516014 35.137329 
coin10-06.pgm   87  189  70  70 0 10h 40.035557 14.396642 40.161358 16.838524 38.913704 22.035383 43.425411 32.332623 
coin10-06.pgm  209  199  70  70 0 10h 45.582222 13.329106 42.826309 16.702335 44.110004 22.434061 47.666233 29.366768 
coin10-06.pgm  358  202  70  70 0 10h 36.279999 14.363022 32.603291 16.800026 31.776670 21.152683 40.632908 33.515007 
coin10-06.pgm  507  205  70  70 0 10h 38.786667 14.892563 38.362797 17.811722 38.025131 21.816061 45.536057 33.012123 
coin10-06.pgm  282  254  70  70 2 back 69.933334 41.817482 69.432686 37.255287 69.061165 39.222740 68.712311 37.994656 
coin10-06.pgm  433  262  70  70 2 back 74.515556 39.949234 70.028778 34.803745 71.470840 36.036976 71.696953 36.759903 
coin10-06.pgm   88  311  70  70 1 10t 65.764442 46.504219 66.529289 49.667454 64.232338 49.239681 60.475658 47.601494 
coin10-06.pgm  212  317  70  70 1 10t 59.675556 52.957905 56.609455 52.558533 54.702229 51.385410 53.860191 48.189934 
coin10-06.pgm  364  323  70  70 1 10t 52.711113 44.231903 54.821171 49.983936 52.029396 48.906544 52.169746 48.339985 
coin10-06.pgm  503  338  70  70 1 10t 56.035557 52.033737 59.105858 55.012119 58.428165 54.542015 54.658421 51.313969 
coin10-06.pgm  143  375  70  70 2 back 58.244446 33.111507 61.083248 38.821072 61.857277 37.024063 61.844311 35.894970 
coin10-06.pgm  282  378  70  70 2 back 66.875557 45.446163 66.347382 40.235249 66.017548 40.339397 67.292374 39.866596 
coin10-06.pgm  426  387  70  70 2 back 72.208885 40.649876 71.850975 35.472782 73.981033 36.874939 73.905754 36.725140 
coin10-06.pgm   82  428  70  70 1 10t 64.951111 50.989986 63.986641 52.294693 63.217163 52.443054 59.265034 47.862099 
coin10-06.pgm  210  436  70  70 1 10t 69.515556 51.957966 67.393631 53.878193 64.438599 51.855072 59.889351 47.891331 
coin10-06.pgm  355  444  70  70 1 10t 68.400002 51.472000 67.986641 57.511715 64.184921 53.994694 60.080189 49.009033 
coin10-06.pgm  489  450  70  70 1 10t 48.320000 46.137600 57.836586 55.319302 56.305832 55.034866 52.168968 50.618473 
coin10-07.pgm   76   75  70  70 0 10h 34.804443 14.207842 35.668037 17.335726 34.875771 20.695997 43.425148 33.745995 
coin10-07.pgm  488   81  70  70 0 10h 44.297779 13.370667 43.357658 15.446087 42.366524 18.603075 49.496223 30.850899 
coin10-07.pgm  210   81  70  70 0 10h 40.795555 16.014460 38.083248 18.379646 36.623993 22.553442 43.898983 35.113708 
coin10-07.pgm  356   85  70  70 0 10h 45.951111 13.691378 46.279549 16.016596 43.062115 21.974888 47.832336 33.269196 
coin10-07.pgm  142  127  70  70 2 back 62.235554 36.179634 61.882835 33.760994 61.139404 35.928818 61.215050 34.775642 
coin10-07.pgm  285  133  70  70 2 back 65.959999 35.379200 67.572456 38.860916 69.365578 38.392647 69.041916 37.991440 
coin10-07.pgm  424  138  70  70 2 back 65.120003 33.396622 69.595070 33.715721 69.789948 34.557556 71.321533 34.232731 
coin10-07.pgm   82  187  70  70 0 10h 40.315556 16.813747 41.033916 18.720352 39.782360 23.412138 44.257484 32.807617 
coin10-07.pgm  203  197  70  70 0 10h 43.973331 14.521955 46.036999 20.023550 44.064011 23.087673 48.889351 30.984785 
coin10-07.pgm  345  200  70  70 0 10h 31.777779 16.593580 31.528263 17.392103 31.533428 22.088076 42.367874 36.686584 
coin10-07.pgm  486  207  70  70 0 10h 40.799999 16.961779 40.970196 19.680536 39.463726 23.239037 46.814892 34.407585 
coin10-07.pgm  139  253  70  70 2 back 60.520000 36.724621 59.318604 33.208073 61.852535 33.882946 61.689404 33.870434 
coin10-07.pgm  273  253  70  70 2 back 68.266670 38.786964 69.732788 39.941711 68.734474 38.025501 67.825829 38.087605 
coin10-07.pgm  419  259  70  70 2 back 70.320000 32.258488 71.697845 34.877640 72.092934 34.740761 72.111168 36.065323 
coin10-07.pgm   75  308  70  70 1 10t 67.613335 47.904236 66.240494 47.462353 63.965385 49.214226 60.643581 48.275467 
coin10-07.pgm  202  314  70  70 1 10t 51.768890 48.110973 53.085304 49.069523 52.461830 49.531502 52.982555 47.668503 
coin10-07.pgm  346  318  70  70 1 10t 46.937778 44.080395 51.655704 48.479458 50.792793 48.424503 51.888569 48.458576 
coin10-07.pgm  483  326  70  70 1 10t 53.808887 49.667278 55.870502 51.632774 56.038406 52.490570 53.611561 50.568497 
coin10-07.pgm  273  372  70  70 2 back 68.368889 39.796543 69.761559 40.187252 68.495972 39.204170 69.071075 39.120632 
coin10-07.pgm  413  379  70  70 2 back 70.471107 42.118240 69.159302 37.650520 71.191086 38.479759 71.354591 38.074627 
coin10-07.pgm   77  422  70  70 1 10t 63.106667 54.690132 62.719425 51.290409 60.501659 49.609631 58.374901 47.553429 
coin10-07.pgm  200  431  70  70 1 10t 67.893333 50.672710 64.010277 50.013836 62.659554 49.503983 59.131477 46.675491 
coin10-07.pgm  343  435  70  70 1 10t 66.071114 52.877037 63.803699 51.611977 60.286392 50.111755 58.333767 48.161674 
coin10-07.pgm  482  436  70  70 1 10t 61.168888 55.927467 58.109970 54.717182 53.414413 51.883957 52.797710 51.719337 
coin10-08.pgm   72   75  70  70 0 10h 34.862221 18.721422 34.918808 17.774252 34.294926 21.082981 42.938297 34.057564 
coin10-08.pgm  199   84  70  70 0 10h 38.311111 22.560791 36.331963 19.363657 36.710762 23.144835 42.335331 34.284306 
coin10-08.pgm  480   89  70  70 0 10h 42.759998 14.244267 42.053444 15.997924 43.344711 19.894741 47.255924 29.730822 
coin10-08.pgm  348   90  70  70 0 10h 45.302223 15.798953 45.619732 18.576540 44.660027 22.903610 48.653996 32.502449 
coin10-08.pgm  135  132  70  70 2 back 62.057777 36.782658 63.618706 34.265381 60.326221 35.275799 61.041916 34.611900 
coin10-08.pgm  272  137  70  70 2 back 70.088890 36.899555 69.962997 34.927452 69.464203 35.968819 69.125229 36.633156 
coin10-08.pgm  409  142  70  70 2 back 69.337776 39.003536 69.753342 36.703480 71.746323 36.476158 71.890915 36.240982 
coin10-08.pgm   75  190  70  70 0 10h 40.693333 17.171082 41.047276 20.006792 40.470364 23.860802 44.826607 33.912807 
coin10-08.pgm  204  199  70  70 0 10h 41.693333 18.479881 43.712231 19.731766 44.386913 22.878214 48.694870 30.992020 
coin10-08.pgm  341  202  70  70 0 10h 32.480000 15.901867 31.421377 16.480345 33.130394 23.096563 40.460297 33.102791 
coin10-08.pgm  481  207  70  70 0 10h 39.888889 17.241482 41.369991 20.862803 39.999527 23.572618 45.798489 32.588886 
coin10-08.pgm  129  246  70  70 2 back 62.426666 34.569481 60.971222 34.584709 61.514935 34.396244 62.128872 33.840912 
coin10-08.pgm  269  256  70  70 2 back 69.088890 37.073383 70.308327 36.758694 69.958748 37.636436 68.455353 36.892765 
coin10-08.pgm  410  260  70  70 2 back 70.408890 33.106846 72.213776 35.123497 71.773827 35.887249 72.536575 35.658276 
coin10-08.pgm   70  307  70  70 1 10t 69.519997 42.203377 64.630013 46.093128 64.044571 49.135426 59.771935 47.874474 
coin10-08.pgm  191  316  70  70 1 10t 51.688889 45.575901 53.913670 49.469830 55.661449 52.961281 54.060661 48.456982 
coin10-08.pgm  336  321  70  70 1 10t 49.733334 42.416000 53.719425 50.279472 53.564724 51.161411 53.138767 49.943359 
coin10-08.pgm  477  325  70  70 1 10t 49.675556 43.342300 56.863308 52.740185 58.451874 54.802078 54.602707 50.742165 
coin10-08.pgm  261  371  70  70 2 back 69.400002 33.521778 67.225075 38.046078 67.711708 37.765007 68.527725 37.957306 
coin10-08.pgm  403  373  70  70 2 back 73.048889 36.638382 71.137718 37.186790 72.022285 37.204620 72.185371 38.173340 
coin10-08.pgm   78  421  70  70 1 10t 65.182220 49.175507 65.181915 55.084122 62.865337 52.941780 59.982555 50.663410 
coin10-08.pgm  329  428  70  70 1 10t 66.262222 48.045509 64.993835 55.356510 61.217163 52.527653 58.943245 49.057030 
coin10-08.pgm  473  432  70  70 1 10t 57.057777 49.313622 60.363823 57.092281 56.242767 54.088722 53.777401 52.338345 
coin10-08.pgm  188  432  70  70 1 10t 63.595554 40.164860 62.023640 47.978382 64.416786 50.638851 60.546211 47.792370 
coin10-09.pgm  474   72  70  70 0 10h 39.391109 12.239763 41.668037 14.244239 43.689899 17.862877 46.305908 28.203602 
coin10-09.pgm  344   72  70  70 0 10h 43.782223 12.276662 45.043167 15.901158 43.928875 22.303686 47.334290 32.995266 
coin10-09.pgm  201   73  70  70 0 10h 38.528889 20.028090 37.828365 18.920074 38.770508 22.323523 42.612080 31.031662 
coin10-09.pgm   83   75  70  70 0 10h 31.288889 12.641581 34.411098 18.242876 34.992889 21.424122 42.503777 31.593636 
coin10-09.pgm  272  125  70  70 2 back 67.000000 35.653332 70.286743 35.789104 70.384071 36.216785 70.184845 36.322060 
coin10-09.pgm  408  127  70  70 2 back 67.862221 31.273718 71.367935 34.023941 72.028923 34.221550 72.467850 34.650330 
coin10-09.pgm  136  129  70  70 2 back 64.111115 37.248394 60.421379 37.269787 61.327168 34.966187 61.233013 35.205372 
coin10-09.pgm   71  182  70  70 1 10t 68.435555 46.666904 66.165466 49.215984 63.577049 51.018696 60.236656 49.689674 
coin10-09.pgm  195  186  70  70 0 10h 43.928890 18.725491 45.031860 21.527449 44.885254 23.053263 49.434002 32.113270 
coin10-09.pgm  338  191  70  70 0 10h 29.817778 12.637076 31.427544 16.815521 32.238026 22.243755 41.141891 34.051121 
coin10-09.pgm  470  196  70  70 1 10t 54.888889 47.796543 59.543678 55.961132 57.623043 53.937477 55.319187 52.408867 
coin10-09.pgm  268  236  70  70 2 back 69.551109 35.165630 71.344299 37.160351 71.239922 36.040619 69.422806 36.202343 
coin10-09.pgm  396  242  70  70 2 back 73.177780 35.989925 71.046249 33.790630 71.565193 35.051083 71.381935 35.530937 
coin10-09.pgm   72  291  70  70 0 10h 45.715557 21.889856 43.021584 19.687948 41.840683 23.103178 45.586826 32.470600 
coin10-09.pgm  186  299  70  70 1 10t 56.017776 50.869728 57.685509 54.361073 53.522049 50.553871 54.125229 49.307137 
coin10-09.pgm  463  303  70  70 0 10h 38.671112 16.944395 38.464542 17.826191 39.599335 22.799463 46.386620 34.790787 
coin10-09.pgm  328  308  70  70 1 10t 55.035557 54.293411 58.269272 57.205051 55.303463 54.390854 54.751106 51.850029 
coin10-09.pgm  123  353  70  70 2 back 66.355553 42.036938 64.058578 37.688988 61.535797 35.626221 62.600624 35.465511 
coin10-09.pgm  254  355  70  70 2 back 66.706665 37.097836 66.906471 37.031136 68.353722 37.746708 68.736008 36.960857 
coin10-09.pgm  404  357  70  70 2 back 63.511112 38.496593 70.312439 37.361443 70.949738 36.552872 71.645668 36.465378 
coin10-09.pgm   71  408  70  70 1 10t 67.297775 50.929420 65.564232 53.937988 62.806545 52.689766 60.213226 50.684788 
coin10-09.pgm  334  416  70  70 1 10t 57.386665 45.187080 59.588902 48.099571 59.743481 50.658344 58.840927 49.237770 
coin10-09.pgm  184  416  70  70 1 10t 62.355556 48.187653 66.826309 57.174168 64.641060 53.898067 61.784950 51.676594 
coin10-09.pgm  460  424  70  70 1 10t 55.048889 54.639290 60.279549 59.967632 59.135136 57.926750 53.669098 52.074650 
coin10-10.pgm   75   68  70  70 0 10h 41.155556 15.416692 39.210690 15.417838 39.697487 20.441280 44.660503 33.803223 
coin10-10.pgm  471   72  70  70 0 10h 41.648888 16.310202 42.398766 15.553697 43.660027 18.101089 47.042175 28.764650 
coin10-10.pgm  204   73  70  70 1 10t 54.568890 43.522804 61.101746 56.934174 59.742531 55.247055 55.080448 48.521309 
coin10-10.pgm  340   74  70  70 0 10h 45.933334 16.034964 47.184994 18.981001 43.231865 22.485416 47.283779 32.460300 
coin10-10.pgm  137  115  70  70 2 back 58.737778 31.233303 59.312435 34.214344 61.562351 35.398903 61.102318 34.471386 
coin10-10.pgm  407  120  70  70 2 back 69.866669 32.907261 70.669067 33.093319 70.627312 35.068138 71.064827 34.419533 
coin10-10.pgm  272  125  70  70 2 back 67.484444 38.565769 69.997948 35.358593 70.474632 36.408512 70.399635 35.782787 
coin10-10.pgm   77  171  70  70 1 10t 58.684444 48.824654 66.356628 55.309105 64.583687 53.982941 56.739391 49.157146 
coin10-10.pgm  197  177  70  70 0 10h 44.391109 24.659832 39.524151 22.613295 37.396397 24.674604 43.036709 33.419716 
coin10-10.pgm  336  181  70  70 1 10t 47.613335 44.931675 54.826309 53.809330 54.714081 54.817711 49.943764 49.727955 
coin10-10.pgm  480  183  70  70 1 10t 58.928890 50.135666 59.918808 54.591946 57.402561 52.678860 54.989326 50.850433 
coin10-10.pgm  129  234  70  70 2 back 61.346668 38.554073 62.375130 37.268383 61.698910 35.077423 61.988804 35.148594 
coin10-10.pgm  270  240  70  70 2 back 72.973335 35.767822 71.779037 36.037868 70.515884 35.051792 69.964851 35.534180 
coin10-10.pgm  408  242  70  70 2 back 73.191109 34.817581 71.166496 33.842228 72.012329 34.797619 72.825829 35.773270 
coin10-10.pgm   73  288  70  70 0 10h 32.982224 12.680731 36.209660 17.898794 35.765766 21.139978 43.124966 31.409615 
coin10-10.pgm  200  290  70  70 1 10t 65.271111 45.715752 65.278519 52.341526 65.920815 52.743191 63.149181 51.729897 
coin10-10.pgm  335  301  70  70 0 10h 35.208889 15.842173 31.815004 14.196943 34.188717 22.456604 42.182243 35.203392 
coin10-10.pgm  470  311  70  70 1 10t 60.168888 57.561520 58.994862 57.380489 54.814606 54.840370 53.998959 52.579159 
coin10-10.pgm  261  354  70  70 2 back 66.839996 35.004444 67.426514 36.210979 68.074921 36.385330 68.801872 37.126629 
coin10-10.pgm  398  361  70  70 2 back 74.271111 37.422142 70.989723 36.918438 71.680893 37.298470 72.473831 37.381626 
coin10-10.pgm  475  405  70  70 0 10h 33.524445 12.623368 39.075027 17.414627 37.795639 20.495064 47.112732 35.074665 
coin10-10.pgm   71  406  70  70 1 10t 68.413330 54.263584 69.319633 58.958195 64.021339 55.101543 59.426453 51.257935 
coin10-10.pgm  330  407  70  70 1 10t 61.084446 50.138508 62.272354 52.579697 61.169750 53.283829 56.296276 48.193653 
coin10-10.pgm  188  415  70  70 0 10h 45.355556 17.848297 44.293938 18.641100 45.590801 22.310225 49.120800 30.540249 
coin10-11.pgm   78   70  70  70 1 10t 65.884445 48.630203 67.159302 54.299587 64.122330 52.012383 58.387398 49.443489 
coin10-11.pgm  208   73  70  70 0 10h 39.946667 15.572504 37.922920 18.417068 36.860123 22.206081 43.354073 33.532333 
coin10-11.pgm  461   73  70  70 1 10t 50.706665 49.003971 61.177799 58.485222 59.185394 55.758434 55.399895 52.527740 
coin10-11.pgm  335   75  70  70 0 10h 50.706665 19.858608 47.190132 19.861288 46.679943 24.044123 47.890392 31.786762 
coin10-11.pgm  142  118  70  70 2 back 64.684448 38.218746 62.550873 37.164295 61.692272 36.295544 61.476700 35.178677 
coin10-11.pgm  401  123  70  70 2 back 70.315552 41.162312 70.401848 35.330292 70.553818 36.331940 71.108826 35.886967 
coin10-11.pgm  277  123  70  70 2 back 63.248890 32.147713 68.079140 36.521004 69.636795 35.277927 69.929184 35.740562 
coin10-11.pgm   80  171  70  70 0 10h 35.186668 11.657837 39.551903 16.148005 38.632526 21.233208 43.882843 33.198849 
coin10-11.pgm  470  179  70  70 0 10h 41.297779 11.370469 43.966084 16.181246 43.078236 18.954882 49.788074 31.470543 
coin10-11.pgm  334  181  70  70 1 10t 53.662224 54.834805 54.482014 52.455181 52.274536 49.710747 50.255924 47.913502 
coin10-11.pgm  209  181  70  70 1 10t 59.057777 51.592258 59.631039 56.376495 56.799904 55.047375 55.113251 48.549389 
coin10-11.pgm  272  236  70  70 2 back 67.497780 32.855427 69.485100 34.014965 69.714554 34.984913 69.634995 35.622253 
coin10-11.pgm  411  244  70  70 2 back 75.795555 37.243141 72.263107 35.218853 72.359413 35.873768 72.495186 35.531391 
coin10-11.pgm   83  290  70  70 1 10t 68.160004 51.657600 69.517982 57.797852 65.187294 53.949459 61.331425 51.686829 
coin10-11.pgm  204  298  70  70 0 10h 45.231110 17.822657 45.499485 21.002441 45.056900 23.267315 51.283520 32.941494 
coin10-11.pgm  467  305  70  70 0 10h 40.097778 19.176849 39.849949 19.221416 38.933617 22.961285 43.290028 33.119240 
coin10-11.pgm  336  307  70  70 0 10h 27.613333 11.295763 31.971224 18.450169 33.940731 24.365915 42.027077 34.470009 
coin10-11.pgm  141  349  70  70 2 back 55.284443 28.901413 60.028778 35.782177 62.007111 35.817348 62.951836 34.992977 
coin10-11.pgm  402  359  70  70 2 back 72.702225 36.925117 72.505653 37.479973 73.443810 36.976612 73.066391 36.813480 
coin10-11.pgm  272  364  70  70 2 back 75.346664 32.428917 71.519012 35.759354 70.652443 34.815838 70.778961 35.504631 
coin10-11.pgm   75  403  70  70 0 10h 33.262222 16.410547 34.919834 16.555355 36.202938 22.072542 44.928925 34.333485 
coin10-11.pgm  203  407  70  70 1 10t 63.493332 47.751228 67.826309 57.207142 65.305832 54.274834 60.536839 50.693249 
coin10-11.pgm  468  413  70  70 1 10t 60.413334 57.364265 58.858170 55.845203 53.633003 52.538746 52.628483 51.089489 
coin10-11.pgm  334  414  70  70 1 10t 66.093330 58.589985 64.845840 56.853233 60.049313 51.469982 57.549335 47.772049 
coin10-12.pgm  206   73  70  70 0 10h 37.511112 17.093925 37.397739 19.756136 37.398293 23.629280 42.236656 33.235031 
coin10-12.pgm   70   75  70  70 0 10h 33.595554 11.223427 39.727646 19.471483 38.937885 22.506733 43.227547 31.179571 
coin10-12.pgm  463   75  70  70 1 10t 52.924446 45.749493 57.630009 52.400734 59.228546 55.076790 54.093727 52.018337 
coin10-12.pgm  329   77  70  70 1 10t 50.013332 43.316742 56.270298 52.790237 54.940731 53.307705 52.317364 49.210621 
coin10-12.pgm  266  123  70  70 2 back 66.506668 30.874075 68.947586 35.507233 70.159317 35.728809 70.261131 36.165340 
coin10-12.pgm  137  123  70  70 2 back 63.604443 37.862518 61.416237 35.613956 61.348980 35.087063 61.453266 35.047516 
coin10-12.pgm  402  128  70  70 2 back 67.546669 32.849777 71.679344 36.628506 72.653389 35.133263 73.128090 35.092716 
coin10-12.pgm   75  177  70  70 1 10t 59.355556 45.140148 65.665985 51.207039 63.679943 51.764969 57.193699 48.389034 
coin10-12.pgm  208  188  70  70 1 10t 51.586666 46.132149 54.808838 51.239395 55.991940 54.062763 54.385578 48.912029 
coin10-12.pgm  327  192  70  70 0 10h 50.924446 23.360237 51.452209 20.426920 48.669510 25.024929 49.443634 32.468822 
coin10-12.pgm  458  198  70  70 0 10h 41.506668 11.114193 43.790340 15.089733 43.053104 18.880913 49.814632 32.041355 
coin10-12.pgm  133  234  70  70 2 back 64.688889 36.179359 62.590958 35.586708 63.096252 36.307693 62.289509 35.019894 
coin10-12.pgm  268  247  70  70 2 back 69.884445 36.644939 71.047279 34.593864 70.978661 35.320778 71.260345 35.758499 
coin10-12.pgm  394  249  70  70 2 back 70.760002 34.253155 72.449127 36.220345 71.812233 35.748833 72.482430 36.330128 
coin10-12.pgm   73  297  70  70 0 10h 39.391109 19.610588 38.204521 20.273958 37.061642 23.728180 43.516010 32.402889 
coin10-12.pgm  189  302  70  70 0 10h 46.946667 16.656000 45.438850 19.600168 46.774300 24.969288 49.737568 32.217449 
coin10-12.pgm  336  304  70  70 1 10t 56.857777 44.734856 61.484070 51.805531 61.647224 54.486717 59.594898 51.290070 
coin10-12.pgm  463  315  70  70 0 10h 37.715557 14.197057 39.012333 18.315998 38.569466 22.217600 44.515232 32.533417 
coin10-12.pgm  263  354  70  70 2 back 67.355553 46.650272 68.357658 37.963562 69.636322 37.686146 69.212181 37.289867 
coin10-12.pgm  384  361  70  70 2 back 73.004448 38.786922 72.294968 37.563805 71.968704 36.434521 72.605835 37.511959 
coin10-12.pgm  199  411  70  70 1 10t 60.884445 48.489677 67.005142 57.281338 64.341393 54.471661 58.801613 49.900463 
coin10-12.pgm   67  417  70  70 1 10t 67.017776 51.572109 66.527237 56.721207 65.065437 55.911400 61.223900 52.705688 
coin10-12.pgm  467  419  70  70 1 10t 60.911110 59.097088 56.968140 52.969940 52.366997 50.234409 51.366310 49.912571 
coin10-12.pgm  324  425  70  70 0 10h 29.062222 11.272415 31.992805 17.221542 31.694168 21.328941 41.756313 34.791996 
coin10-13.pgm   86   78  70  70 0 10h 40.586666 14.975882 41.057552 19.339609 39.593174 22.096134 45.396511 33.591930 
coin10-13.pgm  214   80  70  70 0 10h 39.266666 20.178963 38.764645 19.013285 38.797062 21.894323 45.123405 34.627029 
coin10-13.pgm  343   80  70  70 1 10t 45.693333 36.119705 56.235355 53.029648 56.041252 52.348560 53.548553 50.174084 
coin10-13.pgm  465   85  70  70 1 10t 47.480000 43.084087 54.910587 48.696754 57.353722 52.616470 54.038010 50.930477 
coin10-13.pgm  149  128  70  70 2 back 65.400002 38.320000 61.069885 33.225357 61.652443 34.747040 61.910961 35.088497 
coin10-13.pgm  274  132  70  70 2 back 58.160000 32.400002 67.570404 36.468731 69.294449 36.559978 69.344444 36.230312 
coin10-13.pgm  401  135  70  70 2 back 72.893333 31.739851 72.552933 34.963799 72.587006 34.860134 71.953140 35.624428 
coin10-13.pgm   86  185  70  70 1 10t 61.808887 45.784138 63.712231 46.861462 63.331436 49.807487 58.272587 47.573071 
coin10-13.pgm  204  189  70  70 1 10t 53.275555 47.707458 58.870502 56.679794 57.893314 55.991592 58.403019 53.597687 
coin10-13.pgm  333  192  70  70 0 10h 47.951111 13.033165 49.572456 16.714411 44.690376 22.536224 48.611298 35.202164 
coin10-13.pgm  462  194  70  70 0 10h 42.137779 18.135900 43.741009 18.371778 41.851112 20.003618 49.662327 33.624168 
coin10-13.pgm  400  242  70  70 2 back 71.262222 34.450489 73.438850 34.211582 72.504501 35.516392 72.118195 35.043884 
coin10-13.pgm  269  246  70  70 2 back 69.804443 33.624256 70.252823 34.316048 70.233757 34.711662 71.175476 35.876808 
coin10-13.pgm   75  293  70  70 0 10h 30.497778 13.739338 34.158272 16.081835 36.124229 21.886417 43.624836 33.693401 
coin10-13.pgm  345  303  70  70 1 10t 59.733334 44.799999 61.319630 50.535080 60.690849 52.917629 57.412392 49.659279 
coin10-13.pgm  205  309  70  70 1 10t 66.106667 50.564148 67.731758 54.932762 65.633476 52.706718 62.820881 50.744492 
coin10-13.pgm  464  311  70  70 0 10h 37.724445 12.438045 39.125385 16.915674 37.209579 20.290392 46.244469 34.520603 
coin10-13.pgm  143  357  70  70 2 back 60.813332 31.657007 61.646454 35.503948 63.130867 35.332211 63.703983 35.528500 
coin10-13.pgm  404  361  70  70 2 back 66.262222 36.013039 70.690651 40.065716 72.213371 38.925571 72.837540 38.076420 
coin10-13.pgm  275  361  70  70 2 back 70.262222 39.381927 72.438850 34.754635 72.022285 35.460667 70.730019 35.615047 
coin10-13.pgm  470  415  70  70 1 10t 57.822224 52.015408 55.209660 50.391651 53.762920 52.037384 49.272324 49.849232 
coin10-13.pgm   87  415  70  70 1 10t 56.164444 45.140423 65.093529 57.174149 62.688953 55.411499 60.837021 51.693836 
coin10-13.pgm  335  422  70  70 0 10h 33.262222 19.299278 32.784172 17.528374 31.310574 20.717155 40.983337 35.396198 
coin10-13.pgm  203  423  70  70 0 10h 46.617779 16.301867 46.527237 21.263973 44.567566 21.346968 49.451965 30.139177 
coin10-14.pgm  341   79  70  70 1 10t 45.022221 36.227951 51.317574 45.264126 52.495495 49.175732 51.854206 49.594963 
coin10-14.pgm  202   81  70  70 0 10h 36.333332 15.090370 36.277493 16.242641 35.051208 19.896488 42.585003 33.638908 
coin10-14.pgm  476   82  70  70 0 10h 43.737778 17.716820 46.091469 20.199017 43.851112 20.035818 50.976570 33.261894 
coin10-14.pgm   76   89  70  70 0 10h 41.577778 18.079605 42.442959 19.780277 39.838787 21.791990 43.923717 33.060291 
coin10-14.pgm  405  134  70  70 2 back 71.573334 30.183704 72.377182 35.109509 71.783310 34.639835 72.046600 35.559902 
coin10-14.pgm  270  135  70  70 2 back 73.195557 38.437965 70.214798 34.601192 69.584160 35.919586 69.151260 36.014904 
coin10-14.pgm  142  137  70  70 2 back 69.422226 35.911507 63.340183 35.967068 61.894737 34.327869 61.000259 34.927132 
coin10-14.pgm  199  192  70  70 1 10t 54.680000 49.323021 58.509762 55.889389 57.837364 55.953529 57.233532 53.489666 
coin10-14.pgm   75  196  70  70 1 10t 60.457779 38.943012 67.879753 50.082722 67.365578 52.004375 60.393387 49.777954 
coin10-14.pgm  334  199  70  70 0 10h 45.759998 12.996622 49.262077 18.423002 44.858227 23.338825 49.056236 34.359631 
coin10-14.pgm  469  201  70  70 1 10t 48.746666 46.913067 55.916752 50.976822 57.996681 54.547321 53.225723 51.469074 
coin10-14.pgm  269  255  70  70 2 back 73.586670 35.177837 69.948616 32.775131 69.539116 35.121822 68.876335 34.181885 
coin10-14.pgm  403  258  70  70 2 back 70.124443 33.668346 70.673172 35.726723 71.860123 35.265602 71.888313 35.514389 
coin10-14.pgm   80  303  70  70 0 10h 31.866667 13.070815 34.526207 16.771103 35.550022 21.174097 43.819317 33.443886 
coin10-14.pgm  341  317  70  70 1 10t 53.751110 37.883694 64.305244 53.008766 63.915600 54.097260 61.716221 51.143745 
coin10-14.pgm  199  318  70  70 1 10t 63.608891 51.130310 64.520042 54.354012 64.093407 54.021233 58.939079 49.519089 
coin10-14.pgm  465  327  70  70 0 10h 38.128887 15.770430 39.159302 18.047543 37.700333 21.134531 45.823742 34.639725 
coin10-14.pgm  139  374  70  70 2 back 60.897778 37.761066 63.119221 36.728821 62.156471 36.413445 62.933350 36.078957 
coin10-14.pgm  272  375  70  70 2 back 75.151108 40.434566 69.368965 37.847847 69.587006 36.695442 69.912003 36.021069 
coin10-14.pgm  403  380  70  70 2 back 72.182220 35.056591 70.087357 39.156624 69.832619 38.595245 71.045822 38.229820 
coin10-14.pgm   78  425  70  70 1 10t 56.124443 49.513680 61.343269 51.598267 61.277382 53.324730 57.501694 49.888374 
coin10-14.pgm  333  435  70  70 0 10h 33.924446 14.476208 34.887974 18.690088 32.731152 20.303276 41.978130 34.519157 
coin10-14.pgm  472  436  70  70 1 10t 54.919998 51.345421 54.001026 50.883205 54.544334 53.711994 52.100754 52.706402 
coin10-14.pgm  204  438  70  70 0 10h 46.666668 17.798519 46.497429 19.841795 44.560928 21.641018 49.825565 30.873304 
coin10-15.pgm   73   64  70  70 1 10t 64.875557 41.644009 66.039055 47.562538 65.399719 49.441822 60.269981 48.456314 
coin10-15.pgm  346   65  70  70 1 10t 50.088890 44.787357 51.537514 48.851353 52.552868 50.723328 52.331425 49.888599 
coin10-15.pgm  206   67  70  70 0 10h 34.004444 17.552790 37.805756 21.014721 36.440495 22.322136 42.793022 33.474644 
coin10-15.pgm  473   76  70  70 0 10h 46.013332 16.977423 43.234325 17.311731 43.021812 20.393711 50.524864 32.705856 
coin10-15.pgm  142  114  70  70 2 back 64.364441 35.158005 63.411098 36.957851 61.186344 35.541084 61.004425 35.643089 
coin10-15.pgm  276  116  70  70 2 back 69.537781 39.415310 67.228157 36.417042 68.422005 36.662655 69.021866 36.419712 
coin10-15.pgm  406  125  70  70 2 back 73.671112 45.190125 69.949638 37.341442 70.154099 37.647579 70.596199 36.928192 
coin10-15.pgm  203  177  70  70 1 10t 47.928890 39.659496 54.597122 50.733074 55.914650 54.056194 56.378548 52.027538 
coin10-15.pgm   82  182  70  70 0 10h 43.875557 19.902855 43.009251 19.721697 40.397820 22.584887 44.053371 33.151768 
coin10-15.pgm  335  186  70  70 0 10h 45.680000 16.706844 47.024666 19.594452 43.919868 22.854958 48.878159 34.602501 
coin10-15.pgm  469  191  70  70 1 10t 43.897778 34.484306 60.581707 55.990284 61.061165 55.345314 55.460297 52.076664 
coin10-15.pgm  267  238  70  70 2 back 71.653336 34.533451 69.133606 32.683002 68.642487 33.248123 68.971619 34.081093 
coin10-15.pgm  150  239  70  70 2 back 65.555557 37.140739 62.275436 35.077168 61.097202 35.496067 61.943245 35.282322 
coin10-15.pgm  401  242  70  70 2 back 75.333336 35.235554 71.008224 37.149727 71.217636 38.057949 71.035408 36.780006 
coin10-15.pgm   88  297  70  70 1 10t 56.262222 47.888275 59.739979 48.345501 61.176861 51.739704 59.745117 49.645626 
coin10-15.pgm  207  300  70  70 0 10h 46.799999 19.333334 46.656731 19.171928 44.963017 21.203440 48.160114 29.857063 
coin10-15.pgm  329  306  70  70 1 10t 55.462223 39.064098 65.421379 55.102707 64.592224 53.437450 60.249935 49.941593 
coin10-15.pgm  474  319  70  70 0 10h 41.964443 22.556089 40.474819 21.492352 39.137032 23.332333 45.910439 33.730206 
coin10-15.pgm  148  357  70  70 2 back 62.804443 32.437214 63.671120 36.446171 63.460880 34.588837 64.083832 35.034573 
coin10-15.pgm  271  368  70  70 2 back 73.124443 31.387140 71.801643 35.767006 70.892365 35.368717 70.098671 34.951717 
coin10-15.pgm   87  419  70  70 0 10h 29.626667 10.094104 35.219940 17.286497 35.175438 20.829643 43.767509 33.091209 
coin10-15.pgm  197  430  70  70 1 10t 59.373333 40.921246 68.644402 55.942387 65.994781 52.550949 62.104401 49.912910 
coin10-15.pgm  475  434  70  70 1 10t 50.604443 46.206856 57.586845 55.838135 56.631104 55.710361 53.910179 54.647152 
coin10-15.pgm  334  436  70  70 0 10h 35.351112 17.792118 34.889004 17.647970 31.935040 19.460016 41.465244 34.608158 
coin10-16.pgm  458   82  70  70 0 10h 43.311111 15.891556 42.373074 16.722660 43.701279 20.365435 48.694870 31.205236 
coin10-16.pgm  190   86  70  70 0 10h 36.284443 17.655428 38.023640 17.813116 36.990044 20.669361 43.235096 33.305374 
coin10-16.pgm  326   88  70  70 1 10t 50.244446 43.791801 53.664955 50.739594 54.750591 53.571480 54.796928 52.183563 
coin10-16.pgm   67   97  70  70 1 10t 61.186668 36.700089 68.081192 50.888065 67.608345 51.381569 61.010414 49.551659 
coin10-16.pgm  257  143  70  70 2 back 71.986664 38.528950 70.756424 34.436253 69.763870 35.375801 69.514191 35.662457 
coin10-16.pgm  390  148  70  70 2 back 70.044441 44.069138 70.776978 36.081570 70.090561 37.531239 71.120018 36.782860 
coin10-16.pgm  189  204  70  70 1 10t 50.346668 46.000710 56.150051 51.847862 54.249409 50.966923 53.615726 48.932007 
coin10-16.pgm   71  207  70  70 0 10h 40.808887 17.145046 42.228161 18.820868 40.318161 23.340979 44.451183 33.146286 
coin10-16.pgm  314  211  70  70 0 10h 47.813332 19.253807 47.735867 20.403908 45.203888 23.110981 49.866703 34.299065 
coin10-16.pgm  461  215  70  70 1 10t 51.568890 42.173077 56.207603 50.091606 58.389759 52.092728 54.462639 49.904297 
coin10-16.pgm  390  266  70  70 2 back 72.155556 34.384789 69.449127 36.076843 71.338547 36.401146 71.348869 35.946281 
coin10-16.pgm  136  266  70  70 2 back 66.111115 38.369381 60.887974 35.378242 61.757233 35.074497 62.126270 35.040253 
coin10-16.pgm  252  267  70  70 2 back 74.204445 35.188976 70.054474 32.720539 68.362732 33.142281 69.293152 33.759922 
coin10-16.pgm   73  328  70  70 1 10t 54.684444 39.365452 63.608429 49.728405 63.712185 51.721729 59.775318 49.098766 
coin10-16.pgm  321  332  70  70 1 10t 59.599998 45.185780 63.906475 52.259361 63.617355 53.290039 61.683937 50.730846 
coin10-16.pgm  465  333  70  70 0 10h 40.368889 17.962233 38.227131 17.845375 38.542912 21.510798 46.148399 34.758865 
coin10-16.pgm  191  336  70  70 0 10h 45.982224 15.598498 45.373074 17.664301 43.396397 19.782972 50.057018 29.776421 
coin10-16.pgm  387  392  70  70 2 back 76.639999 40.798222 75.071945 36.898373 73.228073 36.978596 73.984383 36.922924 
coin10-16.pgm  260  394  70  70 2 back 68.435555 34.424454 69.229187 37.652473 68.395447 37.182350 68.626396 37.053650 
coin10-16.pgm  133  394  70  70 2 back 61.284443 40.034134 61.231243 37.440960 61.992889 36.398964 61.797970 35.766998 
coin10-16.pgm   72  454  70  70 0 10h 28.382223 10.962726 36.015415 18.544718 35.467522 21.135155 42.279354 31.320309 
coin10-16.pgm  457  455  70  70 1 10t 50.173332 47.517273 56.381294 55.341618 55.334282 54.281677 51.505596 52.087666 
coin10-16.pgm  185  456  70  70 1 10t 60.186668 40.723320 65.053444 52.256618 65.037933 52.800179 61.401459 50.636932 
coin10-16.pgm  321  465  70  70 0 10h 40.240002 19.202845 36.963001 20.006443 33.359886 21.886080 43.224682 36.743973 
coin10-17.pgm  471   83  70  70 0 10h 41.848888 15.929166 42.194244 15.624450 44.116169 19.893616 48.880241 31.375673 
coin10-17.pgm  339   84  70  70 1 10t 58.333332 52.071110 58.670094 57.074291 55.419632 53.743454 53.118198 51.207214 
coin10-17.pgm   74   85  70  70 1 10t 57.026669 40.810310 66.232269 53.147251 67.141296 53.473244 61.264774 50.949097 
coin10-17.pgm  200   87  70  70 0 10h 41.439999 19.299200 40.125385 19.376925 37.273117 21.518024 43.254360 33.358479 
coin10-17.pgm  144  135  70  70 2 back 66.377777 39.485233 62.186024 36.412937 61.001423 35.803391 60.617809 35.204887 
coin10-17.pgm  406  140  70  70 2 back 73.977776 33.904198 73.809868 35.670708 71.810333 35.766281 71.783127 36.715141 
coin10-17.pgm  270  141  70  70 2 back 71.222221 42.215309 68.008224 36.498318 67.622093 37.396900 67.852646 36.460529 
coin10-17.pgm   85  196  70  70 0 10h 38.635555 16.173512 40.100719 18.017361 39.533428 22.612865 45.438950 34.839115 
coin10-17.pgm  200  199  70  70 1 10t 43.133335 34.292149 56.490238 51.547325 57.455193 53.876072 54.959385 50.357201 
coin10-17.pgm  328  204  70  70 0 10h 47.768890 20.074154 48.219940 20.445606 45.615459 24.785078 46.250195 33.742123 
coin10-17.pgm  472  209  70  70 1 10t 57.542221 54.789688 55.839672 51.332825 55.472263 51.578819 53.601665 50.560627 
coin10-17.pgm  146  258  70  70 2 back 62.804443 35.850155 62.305241 34.922569 61.058323 34.651100 61.564957 34.413311 
coin10-17.pgm  264  259  70  70 2 back 73.546669 35.622280 68.517982 33.132313 68.559036 33.209019 69.299660 33.040302 
coin10-17.pgm  398  263  70  70 2 back 72.293335 38.976357 71.141830 36.376766 71.389755 36.666187 71.307213 35.946808 
coin10-17.pgm   88  322  70  70 1 10t 62.711113 41.340839 68.596092 55.175114 66.680420 53.195503 62.252277 50.803139 
coin10-17.pgm  470  324  70  70 0 10h 36.888889 14.993580 36.131554 15.286167 36.642483 20.051531 44.582920 33.833958 
coin10-17.pgm  204  326  70  70 0 10h 40.453335 14.442904 44.221992 18.428169 43.496445 22.537285 48.939861 31.511242 
coin10-17.pgm  331  329  70  70 1 10t 65.373337 52.128830 63.050358 50.451664 61.003319 51.078968 59.341316 49.534164 
coin10-17.pgm  408  380  70  70 2 back 72.493332 38.445866 69.521072 40.338223 70.425797 39.423397 71.645668 38.544075 
coin10-17.pgm  265  387  70  70 2 back 68.933334 36.671406 72.599174 34.297993 69.375534 34.788876 69.130173 35.088787 
coin10-17.pgm   91  437  70  70 0 10h 32.564445 15.617975 35.573483 18.191952 34.649597 20.729944 43.104660 32.868168 
coin10-17.pgm  195  440  70  70 1 10t 65.111115 49.636543 63.394657 47.924271 62.757233 50.861637 61.019264 49.970219 
coin10-17.pgm  476  441  70  70 1 10t 47.204445 45.437630 56.055500 54.626278 56.186817 56.049965 51.468887 53.371815 
coin10-17.pgm  336  449  70  70 0 10h 35.928890 15.447349 33.250771 16.733751 32.419155 21.264013 41.437645 35.478573 
coin10-18.pgm   66   75  70  70 1 10t 60.035557 38.750576 63.390545 47.115482 63.148411 49.173492 60.493881 48.788811 
coin10-18.pgm  194   78  70  70 0 10h 41.573334 14.646045 40.227131 18.210976 37.322426 20.910881 43.636292 33.570274 
coin10-18.pgm  459   79  70  70 0 10h 42.111111 13.951605 43.116135 14.904533 44.569466 19.552565 49.357460 30.085247 
coin10-18.pgm  321   80  70  70 1 10t 52.591110 47.755852 56.714287 55.734253 56.429111 55.418083 54.105183 52.716911 
coin10-18.pgm  259  130  70  70 2 back 68.475555 37.133709 69.048302 34.766945 69.916077 36.252254 69.439728 35.988319 
coin10-18.pgm  388  132  70  70 2 back 67.111115 39.048889 70.097633 38.088020 68.748222 37.563053 70.072380 37.631786 
coin10-18.pgm   88  184  70  70 0 10h 43.880001 19.800533 40.560123 19.143997 39.538643 21.898333 45.676647 35.126816 
coin10-18.pgm  319  195  70  70 0 10h 47.422222 15.643456 47.698868 16.851227 43.114746 22.514088 47.485031 33.511616 
coin10-18.pgm  195  196  70  70 1 10t 45.937778 34.258133 59.696815 54.068615 59.369843 53.298336 56.386620 51.106750 
coin10-18.pgm  456  198  70  70 1 10t 52.191113 46.216770 57.028778 53.563110 57.382172 54.296772 55.328041 52.352486 
coin10-18.pgm  140  251  70  70 2 back 62.088890 34.127014 61.876671 34.360512 61.848743 33.268185 62.263214 33.869858 
coin10-18.pgm  389  254  70  70 2 back 76.191109 33.187515 70.011307 36.279324 70.420578 37.298443 70.823746 36.306736 
coin10-18.pgm  257  254  70  70 2 back 70.911110 34.954865 69.371017 32.842907 69.455666 33.950668 70.017700 34.095814 
coin10-18.pgm   79  309  70  70 1 10t 62.364445 46.680653 67.824257 57.261345 66.575157 56.567348 62.382973 51.134228 
coin10-18.pgm  191  318  70  70 0 10h 46.151112 21.876108 44.843781 21.323782 44.449978 22.678776 50.491539 32.563015 
coin10-18.pgm  455  320  70  70 0 10h 33.773335 14.052859 37.654675 17.864840 36.921764 20.653275 46.021088 35.271656 
coin10-18.pgm  320  320  70  70 1 10t 63.217777 49.383705 62.572456 51.384159 62.045521 52.762016 59.864357 49.677250 
coin10-18.pgm  139  366  70  70 2 back 63.231110 39.862953 60.596096 35.313595 61.480797 35.543560 61.986721 35.938541 
coin10-18.pgm  256  371  70  70 2 back 68.400002 38.945778 68.168549 36.340485 68.380753 36.220695 68.183807 36.383057 
coin10-18.pgm  391  372  70  70 2 back 73.733330 32.702816 73.262077 37.370613 73.289238 36.134506 73.582664 36.336391 
coin10-18.pgm   85  420  70  70 0 10h 32.928890 12.372464 34.753342 16.017014 35.427692 21.519073 41.295494 31.393446 
coin10-18.pgm  199  432  70  70 1 10t 65.360001 45.116798 65.601234 53.248505 63.620197 51.327488 60.875294 49.497211 
coin10-18.pgm  322  434  70  70 0 10h 34.186668 16.053926 32.949642 17.608671 32.649597 22.141350 43.133560 36.599648 
coin10-18.pgm  458  434  70  70 1 10t 41.271111 37.672966 51.424461 49.242573 53.340446 52.668007 50.439991 50.189873 
coin10-19.pgm  456   83  70  70 0 10h 41.911110 12.516149 43.560123 15.046980 43.202465 18.831934 50.098671 32.387524 
coin10-19.pgm  214   88  70  70 0 10h 43.084446 16.107220 39.052414 15.893507 37.505928 21.000509 44.229889 34.368526 
coin10-19.pgm  339   89  70  70 1 10t 43.506668 36.867435 50.685509 47.809605 52.667141 51.379841 52.271805 50.451836 
coin10-19.pgm   83   90  70  70 1 10t 72.333336 52.595554 66.762589 49.499657 62.417732 49.194965 59.068470 48.771210 
coin10-19.pgm  404  144  70  70 2 back 66.226669 31.988384 69.882835 37.339745 70.853485 36.216377 71.189537 36.001133 
coin10-19.pgm  146  148  70  70 2 back 63.484444 32.649799 61.932167 37.285587 60.601707 35.602459 61.234573 35.835423 
coin10-19.pgm  272  156  70  70 2 back 68.208885 32.784672 68.569374 36.820324 68.423897 36.231167 68.856026 37.074715 
coin10-19.pgm   75  204  70  70 0 10h 42.168888 18.069214 40.161358 17.899893 40.282124 22.354086 45.281960 33.608635 
coin10-19.pgm  454  212  70  70 1 10t 58.004444 52.539616 61.897224 58.300297 58.951637 55.038837 54.058319 52.283623 
coin10-19.pgm  331  218  70  70 0 10h 47.173332 18.320829 45.462486 19.324574 44.406353 22.644657 49.246811 33.016453 
coin10-19.pgm  194  219  70  70 1 10t 51.546665 45.226074 55.022610 51.520344 55.480324 53.379768 55.437908 50.347969 
coin10-19.pgm  134  265  70  70 2 back 58.822224 35.668545 61.823227 35.143131 61.066856 33.784561 61.701382 35.070480 
coin10-19.pgm  390  267  70  70 2 back 75.471107 33.226192 71.581703 35.657207 70.863441 36.363472 71.443115 35.335648 
coin10-19.pgm  263  269  70  70 2 back 72.239998 37.106487 68.752312 34.550781 69.205307 34.668835 69.808121 35.171974 
coin10-19.pgm   78  319  70  70 1 10t 63.648888 53.444187 62.095581 48.443283 61.145092 50.393120 60.094505 50.275028 
coin10-19.pgm  455  324  70  70 0 10h 35.035557 14.024572 38.628983 17.252665 36.770508 20.384212 45.968758 34.884727 
coin10-19.pgm  195  330  70  70 0 10h 47.835556 18.553600 46.401852 18.363897 46.603603 21.911661 50.345482 31.097281 
coin10-19.pgm  330  332  70  70 1 10t 60.688889 47.621925 65.072968 56.870361 62.824089 54.808502 61.958344 52.242031 
coin10-19.pgm  145  382  70  70 2 back 64.435555 40.383446 60.809868 35.597099 62.827881 35.746494 63.332466 35.906368 
coin10-19.pgm  267  385  70  70 2 back 72.631111 40.791073 69.587875 36.314461 69.891891 36.039906 69.998177 36.202168 
coin10-19.pgm   79  428  70  70 0 10h 32.991112 12.469965 34.351490 14.760032 36.513988 22.163628 40.433220 30.591717 
coin10-19.pgm  336  445  70  70 0 10h 29.386667 10.507852 31.059610 14.653862 33.197723 21.548058 39.314240 33.069668 
coin10-19.pgm  208  445  70  70 1 10t 63.648888 49.066036 68.434738 56.453400 65.788048 54.025547 62.824005 51.573959 
coin10-19.pgm  460  448  70  70 1 10t 53.071110 46.310677 56.991779 53.226238 57.550022 55.465611 53.570423 52.112118 
coin10-20.pgm  203   78  70  70 0 10h 36.764446 17.656652 36.871532 18.681767 39.022285 25.223587 40.582142 31.930166 
coin10-20.pgm   75   81  70  70 1 10t 67.906670 45.198578 67.415207 51.105312 64.715034 51.349358 58.588650 49.244850 
coin10-20.pgm  331   82  70  70 1 10t 46.128887 41.341156 50.990749 45.183525 51.810810 48.593159 50.019787 48.082691 
coin10-20.pgm  447   88  70  70 0 10h 41.648888 13.389353 43.540596 16.903379 41.830727 19.110262 48.784691 32.963139 
coin10-20.pgm  142  135  70  70 2 back 57.853333 31.566696 61.218910 36.516560 60.585587 35.504158 61.332207 35.494007 
coin10-20.pgm  268  141  70  70 2 back 66.702225 40.653908 68.615623 36.236313 70.205788 36.900768 70.084351 35.916706 
coin10-20.pgm  390  144  70  70 2 back 73.391113 41.655823 71.139771 35.654797 70.590324 36.270679 71.186150 36.507488 
coin10-20.pgm   75  199  70  70 0 10h 41.137779 13.628325 39.892086 15.714345 39.430061 20.510462 44.708931 33.809650 
coin10-20.pgm  200  203  70  70 1 10t 54.680000 48.217602 53.073997 48.018013 53.288288 50.522530 51.976048 48.327763 
coin10-20.pgm  330  206  70  70 0 10h 47.888889 17.340246 47.869476 17.936810 46.020863 22.031130 49.282478 33.512875 
coin10-20.pgm  453  208  70  70 1 10t 52.951111 47.214378 55.649536 51.462166 57.429588 53.211033 54.561832 51.222523 
coin10-20.pgm  135  258  70  70 2 back 61.022221 33.224098 61.975334 34.784492 61.562824 33.793388 61.970322 34.276676 
coin10-20.pgm  267  264  70  70 2 back 69.657776 35.712631 70.804726 35.939178 70.809387 36.179993 71.300964 36.492260 
coin10-20.pgm  390  267  70  70 2 back 73.440002 34.882133 72.964027 35.934166 73.444763 36.205070 71.560013 35.887394 
coin10-20.pgm   76  324  70  70 1 10t 61.204445 42.912788 67.329910 57.275970 65.855385 55.856739 62.958866 52.320225 
coin10-20.pgm  194  325  70  70 0 10h 46.680000 16.802845 46.235355 17.541210 46.307255 20.571672 51.000000 30.849258 
coin10-20.pgm  452  329  70  70 0 10h 36.413334 15.496415 39.482014 20.026663 37.717403 21.874712 45.857330 35.121777 
coin10-20.pgm  325  336  70  70 1 10t 56.275555 48.316799 63.747173 56.091240 61.764816 54.685337 62.049988 52.356190 
coin10-20.pgm  259  389  70  70 2 back 76.151108 36.490589 71.526207 35.370361 70.193932 35.607010 70.266861 36.130447 
coin10-20.pgm  138  389  70  70 2 back 60.795555 35.794250 63.225079 35.129326 61.874821 34.827095 62.533455 34.523190 
coin10-20.pgm   71  445  70  70 0 10h 33.720001 14.729600 33.541622 15.437169 35.605976 21.924854 40.468109 30.483793 
coin10-20.pgm  200  450  70  70 1 10t 64.160004 53.131733 67.769783 57.550423 64.872452 54.279621 62.416557 52.042980 
coin10-20.pgm  452  451  70  70 1 10t 37.955555 32.677334 58.236382 56.181545 57.680893 55.180912 52.354073 52.750004 
coin10-20.pgm  332  452  70  70 0 10h 32.764446 13.790538 32.312435 14.727953 32.524895 19.431170 42.534237 35.046600 
coin10-21.pgm   69   79  70  70 1 10t 63.724445 47.604385 66.378212 53.609070 63.001896 50.886372 56.823483 47.989063 
coin10-21.pgm  449   83  70  70 0 10h 41.364445 15.662419 44.376156 17.280474 42.687054 19.322393 48.400677 31.227526 
coin10-21.pgm  203   86  70  70 0 10h 39.946667 21.768888 38.041111 19.283438 36.888573 20.817335 43.933350 34.736397 
coin10-21.pgm  333   86  70  70 1 10t 38.151112 27.985462 51.631039 47.452576 53.675201 50.293621 50.800835 48.574059 
coin10-21.pgm  136  139  70  70 2 back 57.520000 37.581867 59.816032 35.430893 60.745377 35.536377 61.211143 35.433701 
coin10-21.pgm  394  142  70  70 2 back 70.653336 27.347200 71.584793 34.158581 70.958275 33.952839 71.287422 34.720242 
coin10-21.pgm  268  144  70  70 2 back 69.688889 39.798122 70.505653 38.404644 69.694168 36.453796 70.614944 36.571499 
coin10-21.pgm  456  202  70  70 1 10t 50.328888 44.503784 57.827339 52.311680 59.629208 54.836548 54.726894 52.422138 
coin10-21.pgm   73  209  70  70 0 10h 35.946667 14.542815 39.452209 17.116072 38.678047 21.292002 45.795628 35.685616 
coin10-21.pgm  202  209  70  70 1 10t 53.142223 45.752731 56.840698 54.993866 56.802750 55.088306 57.081230 53.095612 
coin10-21.pgm  330  212  70  70 0 10h 48.915554 15.589175 49.908531 17.348564 46.200569 21.948683 49.161415 33.951454 
coin10-21.pgm  136  260  70  70 2 back 60.982224 35.856434 60.835560 33.595428 61.120438 34.003216 60.741474 33.972515 
coin10-21.pgm  393  262  70  70 2 back 70.386665 31.483141 69.613564 34.719913 71.333809 33.934120 71.904449 34.371010 
coin10-21.pgm  264  267  70  70 2 back 67.751114 35.999092 70.226105 36.172985 70.992416 36.835728 70.172615 35.758842 
coin10-21.pgm  194  329  70  70 0 10h 43.524445 15.875951 45.761562 17.113762 44.217163 20.261660 49.488674 30.528294 
coin10-21.pgm  451  332  70  70 0 10h 36.222221 13.274074 37.696815 17.573009 36.536274 20.520573 45.104401 34.856815 
coin10-21.pgm   77  332  70  70 1 10t 56.293335 48.112831 62.186024 53.168015 61.582268 53.633118 59.367352 50.422855 
coin10-21.pgm  324  339  70  70 1 10t 55.097778 40.465542 58.540596 47.375206 60.378853 52.484150 58.937778 48.668930 
coin10-21.pgm  260  392  70  70 2 back 70.786667 40.684799 72.877701 34.057835 71.570885 34.984707 70.599586 35.762840 
coin10-21.pgm  139  392  70  70 2 back 62.146667 31.385719 62.890030 34.293804 62.269794 35.050007 62.626141 34.950996 
coin10-21.pgm   71  455  70  70 0 10h 34.253334 18.228977 34.738953 17.932922 34.936462 21.367004 43.347305 33.425499 
coin10-21.pgm  316  462  70  70 0 10h 40.835556 17.294538 35.828365 18.396215 33.493126 22.250242 42.972923 36.003632 
coin10-21.pgm  444  464  70  70 1 10t 54.080002 48.703999 52.797535 48.124851 52.256992 49.812973 50.248634 50.276230 
coin10-21.pgm  199  465  70  70 1 10t 55.631111 40.306767 61.944500 49.502991 62.694641 52.259342 60.588127 49.811756 
coin10-22.pgm  203   79  70  70 0 10h 36.964443 15.894479 38.125385 16.265383 37.816975 19.372110 41.431919 30.317865 
coin10-22.pgm   80   79  70  70 1 10t 60.386665 52.063053 65.545738 55.660847 64.328117 53.337959 59.523041 50.488148 
coin10-22.pgm  335   80  70  70 1 10t 46.466667 34.365631 56.198357 51.970131 55.891891 52.324505 53.268158 49.346020 
coin10-22.pgm  452   82  70  70 0 10h 44.764446 14.274726 45.197327 15.849980 43.064011 18.517082 50.104660 32.438847 
coin10-22.pgm  393  136  70  70 2 back 66.257774 34.357533 68.499489 34.309822 70.101471 35.075096 70.487114 35.225288 
coin10-22.pgm  267  136  70  70 2 back 70.324448 31.495625 69.825279 36.082981 70.169746 36.107147 69.801094 36.563313 
coin10-22.pgm  141  136  70  70 2 back 61.888889 29.721481 61.125385 35.368877 61.984352 35.516289 61.649311 35.328884 
coin10-22.pgm   78  195  70  70 0 10h 35.973331 13.939674 38.341213 15.836743 37.875298 21.147734 43.721947 33.541824 
coin10-22.pgm  448  198  70  70 1 10t 42.928890 34.931198 60.891060 55.617615 60.201992 54.708019 54.372559 52.191742 
coin10-22.pgm  201  201  70  70 1 10t 56.075554 52.722134 59.365879 56.617287 56.987671 54.187885 56.896641 52.080757 
coin10-22.pgm  323  202  70  70 0 10h 45.151112 13.021432 47.622814 18.015446 43.547653 22.469772 47.285343 32.988014 
coin10-22.pgm  392  255  70  70 2 back 72.284447 33.779041 72.517982 35.173824 71.418678 35.943581 72.033066 35.677483 
coin10-22.pgm  137  259  70  70 2 back 61.835556 33.889858 61.937305 35.040905 61.494072 35.861118 62.171829 35.516075 
coin10-22.pgm  264  260  70  70 2 back 67.035553 36.706173 70.849945 34.584324 71.122810 35.750824 70.867744 35.634182 
coin10-22.pgm   67  315  70  70 1 10t 58.684444 51.260681 62.159302 51.301888 61.357517 51.374695 59.365528 49.619328 
coin10-22.pgm  195  323  70  70 0 10h 40.995556 18.021334 44.754368 19.438900 43.548603 21.684107 48.507420 31.500082 
coin10-22.pgm  323  323  70  70 1 10t 55.617779 42.304752 59.384377 48.217560 60.905167 51.385868 59.518356 49.909939 
coin10-22.pgm  448  326  70  70 0 10h 36.573334 13.655585 37.713257 16.803017 36.705547 20.452068 44.523300 33.521240 
coin10-22.pgm  135  371  70  70 2 back 62.959999 38.679111 60.915726 34.874424 61.714081 35.807671 63.220257 35.891331 
coin10-22.pgm  392  383  70  70 2 back 73.142220 42.940247 74.451180 36.585026 74.203415 36.845589 73.897942 37.127464 
coin10-22.pgm   76  429  70  70 0 10h 30.688889 11.881086 33.479958 15.210306 34.694641 20.474377 43.630306 33.930637 
coin10-22.pgm  199  439  70  70 1 10t 57.293335 43.629272 63.820145 49.297050 63.295403 50.106354 60.458214 48.649601 
coin10-22.pgm  458  441  70  70 1 10t 56.680000 47.671467 57.369991 52.515957 56.862495 55.525894 51.769329 52.695793 
coin10-22.pgm  317  443  70  70 0 10h 32.404446 13.841739 31.472765 15.744941 33.314365 23.466700 39.958603 33.974049 
coin10-23.pgm  334   72  70  70 1 10t 50.124443 43.185856 50.484070 45.076168 50.944050 48.282570 50.879978 48.833294 
coin10-23.pgm   77   72  70  70 1 10t 69.875557 49.737404 65.988693 48.053402 63.171169 48.303528 57.129131 46.377254 
coin10-23.pgm  203   74  70  70 0 10h 37.395557 15.935763 38.387463 18.466881 36.159790 20.935976 43.611561 34.449757 
coin10-23.pgm  476   77  70  70 0 10h 45.653332 17.218134 43.330936 17.603643 43.041252 20.177277 50.489197 33.472233 
coin10-23.pgm  408  124  70  70 2 back 66.693336 34.456532 69.512848 36.140541 69.584641 36.446796 70.861496 35.852875 
coin10-23.pgm  275  127  70  70 2 back 65.808891 36.501766 68.855087 34.389576 70.175911 35.689640 70.417076 35.418732 
coin10-23.pgm  144  127  70  70 2 back 63.644444 33.908344 62.981499 36.740379 62.097202 35.163235 61.655819 35.155849 
coin10-23.pgm  470  184  70  70 1 10t 47.271111 39.879822 57.329906 51.055290 58.055950 52.369648 53.368393 50.396790 
coin10-23.pgm  343  189  70  70 0 10h 48.391109 19.403418 47.522095 19.758856 43.751541 21.439890 48.703983 33.208210 
coin10-23.pgm  209  190  70  70 1 10t 50.288887 46.428642 54.487152 51.276691 55.130867 54.330097 53.764126 51.014225 
coin10-23.pgm   76  191  70  70 0 10h 41.257778 19.091831 41.000000 18.487154 38.976765 20.979330 44.864620 34.022305 
coin10-23.pgm  404  245  70  70 2 back 75.404442 35.490883 70.756424 35.367393 71.543388 35.410149 72.062485 35.516354 
coin10-23.pgm  277  245  70  70 2 back 72.728889 35.002865 70.935249 36.674557 71.482697 36.482655 70.492577 35.942318 
coin10-23.pgm  145  245  70  70 2 back 61.368889 35.046597 62.355602 33.623302 61.386440 35.381783 61.552460 35.063953 
coin10-23.pgm   86  306  70  70 1 10t 59.871113 39.638321 66.106888 52.512798 66.212898 54.346897 62.066650 51.020473 
coin10-23.pgm  206  310  70  70 0 10h 46.000000 19.742222 47.161358 21.893063 45.489807 22.511541 49.418900 30.546513 
coin10-23.pgm  341  312  70  70 1 10t 55.008888 39.078678 62.168552 51.437294 62.364628 52.994934 60.894299 51.633255 
coin10-23.pgm  467  327  70  70 0 10h 38.533333 14.973630 40.521069 19.700113 38.812233 22.185692 47.140327 35.134102 
coin10-23.pgm  149  360  70  70 2 back 65.244446 32.300640 64.447067 34.528858 63.875298 33.964165 64.244987 34.778839 
coin10-23.pgm  280  362  70  70 2 back 71.631111 32.168850 71.609459 37.934795 71.311050 37.239674 71.053635 36.355583 
coin10-23.pgm   87  414  70  70 0 10h 30.773333 12.074667 34.598148 15.926526 33.683735 19.198544 42.652954 32.797237 
coin10-23.pgm  216  424  70  70 1 10t 61.915554 39.891277 67.350464 51.798958 68.156944 53.340157 63.632908 50.178337 
coin10-23.pgm  338  431  70  70 0 10h 32.884445 18.036030 31.422405 18.054600 33.017071 23.479694 42.360321 36.546310 
coin10-23.pgm  463  437  70  70 1 10t 53.639999 51.248711 58.905449 57.586208 56.145092 55.318935 52.572506 53.793175 
coin10-24.pgm  470   79  70  70 0 10h 43.604443 17.609245 43.251797 17.795752 43.752491 19.704876 48.812550 30.701807 
coin10-24.pgm  203   85  70  70 0 10h 39.497776 21.103802 36.450153 18.133499 36.504978 23.141981 39.665451 31.263018 
coin10-24.pgm  337   86  70  70 1 10t 55.048889 49.725037 57.535458 56.157173 55.224751 54.049934 54.843010 52.528419 
coin10-24.pgm   75   86  70  70 1 10t 63.013332 45.875439 66.135666 49.115494 65.132294 50.633907 59.795887 49.511299 
coin10-24.pgm  144  136  70  70 2 back 60.386665 31.254873 60.632065 36.166599 61.456615 35.794792 61.229366 35.697266 
coin10-24.pgm  406  138  70  70 2 back 68.813332 32.791943 69.713257 36.895996 71.886200 35.296635 72.506638 35.224083 
coin10-24.pgm  272  139  70  70 2 back 62.075554 33.714645 69.486122 37.446857 69.890945 35.636745 70.087997 35.838512 
coin10-24.pgm  207  202  70  70 1 10t 48.528889 45.770744 54.236382 49.492245 55.078236 52.373528 53.765686 49.517162 
coin10-24.pgm   77  204  70  70 0 10h 41.226665 16.947556 41.828365 19.802422 38.951637 22.190229 45.643322 35.454010 
coin10-24.pgm  467  205  70  70 1 10t 49.528889 45.149632 54.172661 48.336227 54.456139 49.984928 53.447540 49.960869 
coin10-24.pgm  338  208  70  70 0 10h 46.368889 18.381748 47.218910 19.257685 43.739689 22.647642 45.859150 32.102924 
coin10-24.pgm  404  257  70  70 2 back 73.120003 37.570488 72.048302 35.818565 71.841156 35.439697 72.547775 36.765739 
coin10-24.pgm  142  257  70  70 2 back 61.235554 32.708778 61.306271 35.130058 60.428165 35.019260 61.457172 35.272423 
coin10-24.pgm  271  261  70  70 2 back 68.075554 33.879505 69.085304 35.131912 70.306778 35.324047 70.722206 36.170746 
coin10-24.pgm   71  318  70  70 1 10t 64.031113 45.914825 69.393631 56.951294 68.371742 56.013847 63.932571 52.253242 
coin10-24.pgm  204  323  70  70 0 10h 46.737778 16.479645 47.223022 19.201786 44.785679 20.648407 49.693310 30.809889 
coin10-24.pgm  339  323  70  70 1 10t 55.004444 38.912476 64.659813 53.847244 63.463726 52.678940 60.818539 50.207859 
coin10-24.pgm  464  327  70  70 0 10h 39.751110 18.734735 38.748203 17.944813 38.708866 22.366695 45.162197 34.087444 
coin10-24.pgm  142  366  70  70 2 back 62.622223 35.675854 61.741009 34.605366 62.976292 35.172138 63.389744 35.965473 
coin10-24.pgm  271  375  70  70 2 back 68.844444 40.811852 71.766701 34.646286 70.798958 36.387501 70.017967 36.722157 
coin10-24.pgm   74  421  70  70 0 10h 29.591110 12.317827 35.723534 18.555634 34.839260 21.108244 43.378025 33.087692 
coin10-24.pgm  460  435  70  70 1 10t 47.697777 47.528416 57.960945 57.121719 57.449028 57.877735 51.447540 53.749447 
coin10-24.pgm  197  438  70  70 1 10t 59.146667 40.160831 68.199387 55.052044 67.202469 53.400784 61.882324 50.507179 
coin10-24.pgm  329  440  70  70 0 10h 33.222221 16.133333 32.531345 16.249609 33.732574 21.475704 42.497528 35.073383 
\end
