480 0 5 8
coin10-01.pgm   67   66  70  70 0 10h 30.751112 9.223546 34.614594 14.157452 37.568989 21.008797 42.278313 31.320726 
coin10-01.pgm  207   75  70  70 0 10h 38.577778 17.457186 39.572456 17.746746 40.391655 21.272268 43.780525 32.546459 
coin10-01.pgm  361   81  70  70 0 10h 53.546665 19.281303 52.033916 17.471128 49.558559 21.082935 51.852383 33.123226 
coin10-01.pgm  496   82  70  70 0 10h 44.915554 16.411221 44.657761 15.266018 46.327644 19.045055 50.189014 30.288216 
coin10-01.pgm  130  125  70  70 4 back 60.617779 34.207722 60.124359 32.633942 63.010433 33.882385 63.598541 34.039364 
coin10-01.pgm  282  133  70  70 4 back 69.062225 36.883595 69.250771 38.773193 70.503082 37.325256 70.306953 37.628101 
coin10-01.pgm  427  137  70  70 4 back 70.835556 39.780266 70.836586 37.877434 71.565193 39.022552 72.059616 38.432594 
coin10-01.pgm   65  196  70  70 0 10h 44.271111 16.819201 42.898254 17.875423 41.989567 20.809053 48.201771 34.445438 
coin10-01.pgm  202  202  70  70 0 10h 47.391109 18.161304 47.644398 18.243593 49.311523 22.788729 51.249153 30.339302 
coin10-01.pgm  357  211  70  70 0 10h 35.106667 15.401244 34.574512 15.419530 37.172119 22.899492 43.222599 33.696465 
coin10-01.pgm  497  213  70  70 0 10h 41.106667 17.982578 40.024666 17.397148 41.057373 21.948404 47.189533 34.102474 
coin10-01.pgm  280  259  70  70 4 back 71.164444 36.061432 69.495377 36.331120 70.789474 37.541615 70.020050 36.738285 
coin10-01.pgm  422  275  70  70 4 back 79.635559 36.733669 76.106888 35.660858 73.619728 36.474567 74.205414 36.311523 
coin10-01.pgm   64  322  70  70 1 10t 62.680000 50.071823 67.873589 53.545624 66.256996 51.461102 61.543087 48.835918 
coin10-01.pgm  195  323  70  70 1 10t 59.333332 51.828148 62.704010 57.263321 59.890945 55.770382 56.786514 51.739567 
coin10-01.pgm  354  324  70  70 1 10t 56.991112 50.840927 62.449127 58.914227 59.402561 56.028053 54.614944 51.383270 
coin10-01.pgm  501  338  70  70 1 10t 60.706665 48.834488 64.798561 58.846600 61.197723 56.010597 56.869045 53.126694 
coin10-01.pgm  427  382  70  70 4 back 72.377777 34.282665 71.089417 38.804649 72.999054 38.875217 73.431915 38.724743 
coin10-01.pgm  121  383  70  70 4 back 63.515556 42.226173 62.565262 36.245995 63.158844 35.943542 63.590469 36.392151 
coin10-01.pgm  262  386  70  70 4 back 67.288887 36.436543 67.671120 37.115425 67.805595 36.940193 68.348351 37.478844 
coin10-01.pgm   59  452  70  70 1 10t 58.262222 46.861828 64.909561 54.076500 64.452347 53.691933 62.511585 49.754295 
coin10-01.pgm  199  462  70  70 1 10t 61.368889 48.979359 67.071945 55.487545 64.827408 52.667015 62.927101 50.128410 
coin10-01.pgm  351  470  70  70 1 10t 62.880001 52.535110 65.931137 56.879051 63.631104 54.209923 62.912003 50.376820 
coin10-01.pgm  492  471  70  70 1 10t 53.111111 50.734814 62.430626 61.004692 58.931721 57.192200 52.333248 52.693966 
coin5-01.pgm   76   61  70  70 3 5t 51.000000 56.560001 45.986641 46.872753 38.505451 40.832443 50.346004 47.542992 
coin5-01.pgm  205   62  70  70 3 5t 55.866665 54.564739 48.059608 40.800346 52.458511 44.643490 53.905754 42.890701 
coin5-01.pgm  345   65  70  70 3 5t 48.275555 52.054401 42.266186 41.652191 42.609768 43.840191 49.212185 46.435406 
coin5-01.pgm  497   67  70  70 3 5t 47.817780 43.426529 41.832478 35.799442 43.031769 39.328308 49.031761 42.851471 
coin5-01.pgm   68  199  70  70 3 5t 50.195557 50.722569 45.503597 42.763596 40.982456 38.879089 52.250717 47.023609 
coin5-01.pgm  201  206  70  70 3 5t 48.022221 43.008987 45.988693 37.815716 49.223328 41.740055 51.159332 40.934078 
coin5-01.pgm  494  215  70  70 3 5t 48.071110 52.342400 38.516956 37.016926 37.858700 37.826702 45.472534 42.323059 
coin5-01.pgm  341  217  70  70 3 5t 49.524445 50.017422 40.653648 38.376823 34.624939 34.281918 45.894299 41.771660 
coin5-01.pgm   59  344  70  70 2 5h 25.906666 11.723496 24.252827 15.401837 29.794689 29.931444 44.871387 42.960148 
coin5-01.pgm  189  353  70  70 2 5h 13.044444 7.970370 16.757452 13.546117 24.972025 28.117964 40.576935 41.125202 
coin5-01.pgm  492  356  70  70 2 5h 25.422222 11.633185 25.743063 13.742915 33.202938 25.302801 43.911743 37.439163 
coin5-01.pgm  336  359  70  70 2 5h 29.799999 12.380445 29.102776 14.466486 34.568043 23.252489 42.800312 32.500076 
coin5-01.pgm   57  485  70  70 2 5h 21.737778 12.225383 22.725592 14.828379 31.130867 29.862455 42.579277 38.267445 
coin5-01.pgm  193  493  70  70 2 5h 35.764446 16.398104 30.762590 16.160595 37.379326 31.077934 44.967197 37.742401 
coin5-01.pgm  335  498  70  70 2 5h 18.982222 12.385185 18.881809 15.191278 31.727833 35.913715 40.830513 41.251976 
coin5-01.pgm  489  502  70  70 2 5h 20.208889 14.566676 17.964029 14.033568 26.152679 29.870266 40.309555 42.774147 
coin10-02.pgm   71   68  70  70 0 10h 31.737778 13.717689 33.560123 14.901943 34.318161 19.898846 43.463161 33.711021 
coin10-02.pgm  206   74  70  70 0 10h 37.555557 16.205433 37.373074 17.510067 36.605976 21.177292 43.050247 34.300888 
coin10-02.pgm  361   77  70  70 0 10h 47.968887 13.167645 48.284687 16.014194 45.746326 22.393349 46.185108 32.018684 
coin10-02.pgm  508   84  70  70 0 10h 42.124443 14.951507 44.355602 16.300207 44.567566 19.859701 51.508461 33.555534 
coin10-02.pgm  133  124  70  70 4 back 56.595554 33.429569 58.372044 31.612654 60.247986 32.060371 60.600365 32.890480 
coin10-02.pgm  289  135  70  70 4 back 67.746666 37.800533 69.808838 37.945484 69.034615 37.688835 67.606873 37.520401 
coin10-02.pgm  441  139  70  70 4 back 71.524445 31.070301 69.605347 35.830292 69.649597 35.071777 70.348610 34.871220 
coin10-02.pgm   73  195  70  70 0 10h 38.453335 12.328297 40.228161 15.909704 39.322903 20.813854 46.308254 35.007996 
coin10-02.pgm  207  199  70  70 0 10h 43.195557 15.301926 44.789310 15.676133 44.860123 19.192352 49.112209 29.761734 
coin10-02.pgm  364  206  70  70 0 10h 35.342224 17.759684 32.430626 15.987959 31.738264 19.603388 41.165581 34.604053 
coin10-02.pgm  508  208  70  70 0 10h 37.733334 15.919408 36.278519 15.007631 38.150784 20.984886 44.085133 32.291584 
coin10-02.pgm  292  258  70  70 4 back 69.431114 35.910122 69.453239 34.625153 69.233757 36.327286 68.422287 35.380474 
coin10-02.pgm  435  261  70  70 4 back 69.724442 30.297640 70.121277 34.699745 70.698906 35.023033 71.080711 35.254059 
coin10-02.pgm   71  318  70  70 1 10t 58.884445 47.133789 66.311409 52.106461 63.929352 52.150265 56.000000 46.827389 
coin10-02.pgm  198  328  70  70 1 10t 51.253334 44.413631 58.559097 55.557232 57.599335 55.846394 57.073677 52.917423 
coin10-02.pgm  351  333  70  70 1 10t 48.271111 43.407646 52.677288 50.482586 55.138454 54.372124 54.402760 52.019081 
coin10-02.pgm  508  341  70  70 1 10t 55.977779 52.289581 62.824253 58.910240 60.190136 56.562428 52.343399 50.969456 
coin10-02.pgm  268  387  70  70 4 back 63.093334 36.680653 66.004112 37.579144 65.726883 38.108196 66.135643 37.443665 
coin10-02.pgm  125  389  70  70 4 back 62.080002 42.244267 60.390545 37.773678 62.221905 36.583916 61.997398 35.875267 
coin10-02.pgm  429  398  70  70 4 back 75.622223 41.922371 73.322716 40.841114 71.623520 39.493286 71.087997 39.141384 
coin10-02.pgm  351  453  70  70 1 10t 60.160000 51.593601 63.972252 54.899948 62.192982 55.050968 56.890915 49.103222 
coin10-02.pgm   67  456  70  70 1 10t 57.342224 49.615841 64.254883 55.861286 62.559505 54.046974 59.270241 49.736374 
coin10-02.pgm  201  457  70  70 1 10t 53.808887 41.407803 63.082218 52.145077 62.462303 53.155293 58.896900 49.738861 
coin10-02.pgm  493  461  70  70 1 10t 45.724445 43.878754 54.612537 53.146790 54.854435 54.570625 49.077843 50.797352 
coin5-02.pgm   73   62  70  70 3 5t 44.115555 39.886734 46.949642 43.825386 39.289238 38.911751 48.505596 45.355400 
coin5-02.pgm  209   72  70  70 3 5t 46.919998 38.223644 51.069885 40.429714 47.996208 35.960808 53.231190 41.000648 
coin5-02.pgm  339   74  70  70 3 5t 42.671112 38.717155 42.881809 39.813030 44.208157 43.683430 50.639416 46.324738 
coin5-02.pgm  481   80  70  70 3 5t 41.368889 35.830795 41.441933 35.450947 37.963963 31.593872 49.675346 41.897221 
coin5-02.pgm   67  195  70  70 3 5t 48.431110 42.966084 47.046249 40.371292 42.236607 34.803127 49.075241 41.164387 
coin5-02.pgm  197  207  70  70 3 5t 47.533333 32.443851 50.613567 38.453377 45.991940 34.763554 49.975266 38.740665 
coin5-02.pgm  330  213  70  70 3 5t 40.959999 36.783646 40.391571 37.507954 37.894737 36.484688 45.531372 40.471310 
coin5-02.pgm  482  215  70  70 3 5t 32.115555 31.011200 36.711201 35.619957 34.596966 33.853630 45.345745 41.655613 
coin5-02.pgm   66  340  70  70 2 5h 26.257778 11.705166 28.149023 18.447783 33.072548 32.407585 43.919292 40.975533 
coin5-02.pgm  191  350  70  70 2 5h 12.084444 6.570943 18.243576 15.492668 23.128496 25.869894 38.727154 39.461578 
coin5-02.pgm  336  360  70  70 2 5h 28.342222 11.764583 32.003082 17.991678 33.266476 23.175014 45.074982 35.216583 
coin5-02.pgm  471  364  70  70 2 5h 27.951111 11.270558 29.286741 15.943836 32.696537 24.229382 45.586826 38.313564 
coin5-02.pgm   58  492  70  70 2 5h 20.391111 10.223526 25.850977 18.897472 30.543859 30.144278 41.410572 37.944492 
coin5-02.pgm  186  500  70  70 2 5h 33.448891 12.008060 33.465569 18.904665 34.208630 27.311346 44.627441 38.238178 
coin5-02.pgm  332  503  70  70 2 5h 16.457777 9.508899 23.404934 19.992521 32.084873 36.269684 42.244728 41.457329 
coin5-02.pgm  473  506  70  70 2 5h 14.160000 6.194844 19.976362 15.548576 25.577524 28.472891 42.410049 43.464066 
coin10-03.pgm   73   74  70  70 0 10h 31.742222 12.724622 34.560123 15.775530 34.147938 20.651623 42.435562 33.288311 
coin10-03.pgm  218   81  70  70 0 10h 32.773335 12.473481 37.017471 19.407162 34.864391 20.970364 42.983337 34.887840 
coin10-03.pgm  367   84  70  70 0 10h 45.395557 12.943921 47.489208 18.177336 43.801327 22.246466 49.237438 34.672783 
coin10-03.pgm  510   88  70  70 0 10h 41.080002 11.709867 44.948612 17.469278 43.130394 19.519436 49.581879 31.674934 
coin10-03.pgm  283  132  70  70 4 back 70.342224 35.300701 67.828369 34.418518 68.612137 35.401962 67.839622 35.400047 
coin10-03.pgm  144  133  70  70 4 back 51.755554 32.686222 59.358685 31.894800 60.230915 33.554234 60.436344 33.550541 
coin10-03.pgm  429  140  70  70 4 back 71.137779 36.056850 69.632065 31.459703 70.822662 34.286697 71.058838 34.008595 
coin10-03.pgm   75  195  70  70 0 10h 36.666668 12.865185 39.959919 17.795168 38.128971 21.051325 45.143192 34.812180 
coin10-03.pgm  209  202  70  70 0 10h 37.404446 13.591348 44.881809 20.512461 43.849693 22.775660 48.167927 30.438604 
coin10-03.pgm  514  208  70  70 0 10h 35.404446 14.176316 41.052414 20.749207 39.782837 23.474159 45.257484 33.810730 
coin10-03.pgm  363  210  70  70 0 10h 29.639999 11.840356 30.968140 15.820696 30.855381 20.448818 42.260349 35.899456 
coin10-03.pgm  279  258  70  70 4 back 71.364441 39.013451 68.358681 38.548447 68.562828 36.750118 67.480865 37.111774 
coin10-03.pgm  139  262  70  70 4 back 62.599998 29.575111 62.566288 36.282276 62.427216 34.018700 62.718563 33.846695 
coin10-03.pgm  429  273  70  70 4 back 71.088890 33.222122 69.651596 36.650524 71.861069 35.563206 71.981255 35.772114 
coin10-03.pgm   75  329  70  70 1 10t 62.746666 42.340504 63.835560 46.941177 63.009483 49.325882 59.080448 47.958244 
coin10-03.pgm  203  334  70  70 1 10t 56.160000 52.177422 56.255909 52.313049 53.709339 51.945923 52.541527 49.040329 
coin10-03.pgm  355  339  70  70 1 10t 46.737778 44.891613 53.118191 49.133938 52.304882 49.374699 48.743034 47.362831 
coin10-03.pgm  509  345  70  70 1 10t 56.964443 55.097363 57.980473 53.103912 56.535324 52.049694 52.930225 50.417278 
coin10-03.pgm  285  401  70  70 4 back 65.066666 35.585186 69.170609 38.768570 69.238976 38.689812 68.748245 36.963619 
coin10-03.pgm  434  402  70  70 4 back 69.684448 40.755360 72.581703 40.808060 70.094360 38.888271 71.007286 39.431595 
coin10-03.pgm   79  450  70  70 1 10t 56.804443 43.883419 58.749229 47.381256 60.143196 49.894665 59.119759 48.636326 
coin10-03.pgm  511  461  70  70 1 10t 53.533333 50.769184 56.236382 52.574482 54.278332 51.737701 51.549858 51.297562 
coin10-03.pgm  206  461  70  70 1 10t 64.182220 50.988010 64.784172 52.713112 61.492176 49.085438 58.051289 46.771976 
coin10-03.pgm  362  467  70  70 1 10t 58.155556 48.409878 59.414185 48.062965 59.639164 50.567158 58.469669 49.343391 
coin5-03.pgm  207   61  70  70 3 5t 61.742222 58.202824 50.014389 42.111900 46.511143 36.078056 51.832596 40.697731 
coin5-03.pgm  478   65  70  70 3 5t 48.528889 43.712196 42.151077 33.504536 36.801327 29.235378 49.995052 41.034481 
coin5-03.pgm   77   65  70  70 3 5t 51.626667 54.619022 44.486126 44.760956 35.062588 36.306854 46.268421 44.410164 
coin5-03.pgm  340   66  70  70 3 5t 55.164444 56.570194 44.541622 45.274090 36.882408 36.331215 48.617287 45.347332 
coin5-03.pgm   75  197  70  70 3 5t 59.911110 58.114372 47.517986 44.433712 40.493126 34.938641 48.488415 42.559372 
coin5-03.pgm  202  204  70  70 3 5t 63.857777 55.119564 50.524151 41.748028 43.834045 34.836006 48.106483 39.440018 
coin5-03.pgm  338  206  70  70 3 5t 44.155556 42.924839 40.174717 36.543434 33.531532 31.229874 44.613644 39.172901 
coin5-03.pgm  482  212  70  70 3 5t 43.822224 46.091259 36.358685 35.733864 30.630156 30.558041 44.746159 41.513256 
coin5-03.pgm   66  331  70  70 2 5h 25.222221 13.041975 28.258993 20.843983 30.966808 32.067924 43.426189 42.672543 
coin5-03.pgm  192  340  70  70 2 5h 11.920000 8.936533 19.859198 19.172016 23.326221 26.969330 39.061703 41.363415 
coin5-03.pgm  334  348  70  70 2 5h 29.271111 14.167744 32.039055 18.696562 35.058323 26.135790 45.529808 36.412708 
coin5-03.pgm  485  354  70  70 2 5h 25.146667 12.181215 29.082220 18.996954 32.949265 26.518908 45.946106 39.349106 
coin5-03.pgm   61  472  70  70 2 5h 22.853333 13.714489 27.054470 20.663521 33.187294 33.686447 41.107784 38.655529 
coin5-03.pgm  189  480  70  70 2 5h 34.533333 20.318222 33.710175 22.011658 35.856804 31.248848 43.336372 37.729366 
coin5-03.pgm  479  486  70  70 2 5h 18.480000 15.420089 21.051388 20.217621 24.899479 29.450394 41.829212 44.019051 
coin5-03.pgm  334  487  70  70 2 5h 17.799999 11.994667 23.172663 22.292191 28.136559 33.461964 41.869305 42.850105 
coin10-04.pgm  508   71  70  70 0 10h 43.471111 14.949097 41.922920 15.048585 43.366997 20.762987 45.363445 27.851854 
coin10-04.pgm   82   74  70  70 0 10h 29.186666 12.313363 36.263103 19.882116 35.793266 22.807959 41.333767 30.480511 
coin10-04.pgm  372   80  70  70 0 10h 47.200001 15.532444 47.860226 20.768902 44.835941 23.083826 47.162720 31.352642 
coin10-04.pgm  223   81  70  70 0 10h 31.084444 17.513521 37.505653 21.629433 36.606922 23.423285 40.956001 32.451916 
coin10-04.pgm  143  127  70  70 4 back 54.773335 31.122252 60.559097 32.345852 60.520626 33.282299 60.710751 34.259937 
coin10-04.pgm  288  136  70  70 4 back 63.804443 34.865223 67.018501 40.742241 67.311996 39.156685 67.101013 38.527493 
coin10-04.pgm  443  140  70  70 4 back 66.231110 37.498508 70.314491 34.053070 70.656235 35.533829 71.296539 34.684200 
coin10-04.pgm   76  197  70  70 0 10h 37.426666 10.249125 40.476875 20.428680 40.175438 24.838495 45.231712 31.797472 
coin10-04.pgm  514  201  70  70 0 10h 34.191113 12.033382 41.558067 21.471880 39.811283 22.687571 45.330643 32.864368 
coin10-04.pgm  210  204  70  70 0 10h 42.315556 16.774914 45.820145 21.959112 44.519676 22.321373 47.486073 27.934650 
coin10-04.pgm  361  206  70  70 0 10h 31.257778 17.144810 34.113052 19.951611 32.722618 22.792786 41.094769 34.751190 
coin10-04.pgm  139  257  70  70 4 back 58.137779 33.782204 62.155190 35.098045 61.421528 33.627934 62.156471 33.841785 
coin10-04.pgm  283  260  70  70 4 back 67.746666 35.118816 67.630013 39.527966 66.658607 37.592022 67.626137 38.097572 
coin10-04.pgm  438  262  70  70 4 back 70.279999 36.299732 70.391571 34.710144 71.014221 36.342628 71.635513 36.423595 
coin10-04.pgm   79  324  70  70 1 10t 66.342224 46.740028 66.638229 48.631214 64.775726 49.153103 60.454830 46.929779 
coin10-04.pgm  357  333  70  70 1 10t 39.426666 29.993481 50.245632 44.610146 52.267426 49.545811 48.764126 47.244183 
coin10-04.pgm  201  333  70  70 1 10t 60.555557 54.217285 56.610481 53.094505 54.729729 51.374752 53.435043 48.190300 
coin10-04.pgm  508  339  70  70 1 10t 55.053333 47.567287 60.871532 54.931896 59.259365 53.834576 54.841969 50.408615 
coin10-04.pgm  287  388  70  70 4 back 66.542221 36.464317 70.108940 39.546989 69.371742 39.376541 69.413170 38.680355 
coin10-04.pgm  441  394  70  70 4 back 73.000000 34.746666 74.450157 38.002842 74.701752 37.342815 74.537621 36.352890 
coin10-04.pgm   80  444  70  70 1 10t 57.893333 45.200001 62.273380 49.324997 62.206734 51.896667 57.860455 49.019825 
coin10-04.pgm  203  452  70  70 1 10t 67.586670 49.727528 65.479958 50.961262 63.404930 50.141640 58.800835 45.880428 
coin10-04.pgm  354  454  70  70 1 10t 63.124443 46.508129 63.237411 50.005562 62.837837 52.091499 59.783909 48.216969 
coin10-04.pgm  508  457  70  70 1 10t 60.537777 55.452049 61.607399 58.132927 56.568043 54.907604 55.273628 52.084572 
coin5-04.pgm   77   64  70  70 3 5t 51.075554 45.736137 48.315517 44.057713 41.158367 41.698940 48.088520 45.104321 
coin5-04.pgm  211   70  70  70 3 5t 53.293335 40.585125 52.072971 41.466816 50.048840 39.775444 51.838844 40.483379 
coin5-04.pgm  344   75  70  70 3 5t 44.773335 38.562843 44.344296 40.038528 40.733047 39.356625 47.538662 42.768375 
coin5-04.pgm  489   76  70  70 3 5t 42.711113 32.572445 42.359711 35.530460 38.634899 32.728485 49.681332 42.625927 
coin5-04.pgm   83  197  70  70 3 5t 48.897778 36.552494 47.969166 40.005764 44.843529 37.881706 49.325176 40.852772 
coin5-04.pgm  210  204  70  70 3 5t 49.577778 33.296196 48.189106 36.828640 43.972023 32.642681 49.463421 38.705936 
coin5-04.pgm  348  205  70  70 3 5t 38.200001 31.073778 38.503597 35.428719 33.193455 31.998793 44.258526 40.485458 
coin5-04.pgm  487  216  70  70 3 5t 36.626667 31.311171 39.040081 35.902927 33.224751 31.684000 45.313461 40.922596 
coin5-04.pgm   68  333  70  70 2 5h 25.568890 10.053097 25.808838 15.998840 32.447132 33.309288 43.503513 41.379715 
coin5-04.pgm  196  347  70  70 2 5h 13.328889 8.264256 16.184996 13.461421 25.876719 29.767530 38.473053 39.563450 
coin5-04.pgm  331  349  70  70 2 5h 29.008888 11.573689 29.600206 15.404977 34.604076 25.198826 45.715179 36.327579 
coin5-04.pgm  486  352  70  70 2 5h 27.328888 11.885195 29.067831 16.441978 34.572308 25.703623 46.357979 38.443611 
coin5-04.pgm   63  484  70  70 2 5h 20.391111 11.019259 24.614594 18.699163 28.987198 29.194517 40.640198 38.964497 
coin5-04.pgm  183  487  70  70 2 5h 34.959999 15.532800 33.034943 18.304548 34.986248 28.826134 45.414215 39.410400 
coin5-04.pgm  486  494  70  70 2 5h 15.435555 8.015289 18.558067 15.620009 27.207207 32.009159 42.930489 44.811928 
coin5-04.pgm  333  494  70  70 2 5h 15.662222 8.175684 20.754368 17.103886 30.158369 34.398933 42.427753 42.407936 
coin10-05.pgm  503   69  70  70 0 10h 40.480000 14.476444 44.157246 17.415401 43.779991 20.061476 49.256184 31.493891 
coin10-05.pgm  209   71  70  70 0 10h 33.844444 16.829037 38.056526 20.386091 37.152206 22.232609 42.169487 32.430981 
coin10-05.pgm   75   73  70  70 0 10h 32.400002 15.966222 36.175747 20.122454 35.166904 22.336668 43.140327 32.523178 
coin10-05.pgm  353   76  70  70 0 10h 48.840000 15.680000 47.854061 20.362329 45.286392 23.920876 48.573288 31.755522 
coin10-05.pgm  140  119  70  70 4 back 62.857777 32.333431 59.500515 34.378788 60.709339 35.158344 60.291592 34.839584 
coin10-05.pgm  428  121  70  70 4 back 71.084442 37.295330 72.766701 38.423813 72.040306 36.481884 71.449104 36.894115 
coin10-05.pgm  279  126  70  70 4 back 70.373337 39.028149 68.577599 37.985550 68.992416 38.762844 67.865662 38.084736 
coin10-05.pgm   74  185  70  70 0 10h 39.897778 16.033895 40.571430 20.788431 40.033192 23.673117 44.683678 32.504990 
coin10-05.pgm  501  189  70  70 0 10h 36.520000 16.032711 39.524151 19.803995 39.619724 22.712662 45.916428 34.570473 
coin10-05.pgm  206  190  70  70 0 10h 47.866665 12.336000 45.183968 18.220312 46.130394 24.550262 47.960167 29.087553 
coin10-05.pgm  352  198  70  70 0 10h 34.373333 16.005569 35.304214 20.957945 34.650547 24.262863 41.864357 34.904999 
coin10-05.pgm  136  242  70  70 4 back 61.253334 33.072712 62.445015 36.210293 62.501659 34.274479 62.532154 34.625244 
coin10-05.pgm  427  253  70  70 4 back 74.404442 34.521996 71.353546 34.255413 72.037933 34.537193 72.598282 35.917854 
coin10-05.pgm  292  260  70  70 4 back 69.728889 41.583961 70.627953 38.876556 70.485535 39.141338 71.142670 37.836372 
coin10-05.pgm   73  307  70  70 1 10t 68.662224 51.896297 66.997948 52.128876 64.139877 49.130932 60.003124 45.732304 
coin10-05.pgm  200  320  70  70 1 10t 57.368889 46.322014 60.100719 56.756985 59.154575 55.387653 55.300701 48.448948 
coin10-05.pgm  355  326  70  70 1 10t 51.395557 41.391090 57.441933 52.951176 56.438595 53.634167 53.210884 48.676304 
coin10-05.pgm  499  330  70  70 1 10t 64.475555 60.598083 63.517986 58.817379 58.853958 54.667118 55.980736 50.011318 
coin10-05.pgm  132  363  70  70 4 back 63.506668 36.989628 62.243576 35.739700 62.418682 35.728779 62.654518 35.113323 
coin10-05.pgm  415  379  70  70 4 back 71.097778 38.039268 69.337105 40.232414 70.074440 40.043472 71.293152 39.549957 
coin10-05.pgm   73  429  70  70 1 10t 65.217781 43.888790 67.356628 54.175819 67.219536 54.226078 60.961990 49.523666 
coin10-05.pgm  198  437  70  70 1 10t 67.653336 49.736771 68.839668 54.979141 64.786629 52.893139 60.742516 47.941799 
coin10-05.pgm  347  442  70  70 1 10t 61.000000 43.733334 66.140800 54.251873 64.612137 53.151039 61.065609 49.220879 
coin10-05.pgm  490  447  70  70 1 10t 53.813332 51.350044 59.956833 59.506664 57.516834 56.468567 52.885185 51.133045 
coin5-05.pgm  215   66  70  70 3 5t 51.431110 47.871525 47.669064 40.056030 44.839260 36.670036 51.982037 42.343464 
coin5-05.pgm  352   68  70  70 3 5t 52.004444 56.762115 45.277493 46.081120 39.732101 41.767395 50.571728 48.932446 
coin5-05.pgm   85   68  70  70 3 5t 56.102222 65.000534 48.161358 50.439507 38.811760 42.689384 48.445717 47.931713 
coin5-05.pgm  488   72  70  70 3 5t 53.684444 52.297401 42.729702 38.612499 42.167850 38.744232 51.662849 45.640221 
coin5-05.pgm   84  197  70  70 3 5t 50.746666 49.699791 41.796505 37.648884 39.509247 37.087830 47.747982 44.351452 
coin5-05.pgm  204  201  70  70 3 5t 55.662224 51.587833 48.415211 40.826668 43.215740 36.395824 49.499088 41.484596 
coin5-05.pgm  486  202  70  70 3 5t 46.604443 53.417995 38.098663 38.440414 32.995258 33.766449 46.299141 43.615017 
coin5-05.pgm  343  205  70  70 3 5t 42.648888 44.205036 38.579651 38.057407 35.545280 36.875294 46.343399 43.405312 
coin5-05.pgm   76  318  70  70 2 5h 26.942223 13.896652 23.560123 15.955510 34.157894 36.635872 41.974224 41.211761 
coin5-05.pgm  196  330  70  70 2 5h 10.244445 8.168494 14.624871 13.774740 22.433855 27.229563 39.377247 41.209290 
coin5-05.pgm  340  340  70  70 2 5h 29.066668 14.032593 29.067831 15.761604 34.775723 25.163084 46.023430 35.993538 
coin5-05.pgm  486  347  70  70 2 5h 25.537777 13.721560 25.809866 14.511365 31.007113 23.194733 45.092945 38.517563 
coin5-05.pgm   71  471  70  70 2 5h 23.760000 14.283378 23.655704 17.245586 32.220959 33.199673 40.437908 38.160599 
coin5-05.pgm  482  479  70  70 2 5h 18.360001 13.321244 16.581707 14.040434 26.006165 31.256775 41.158813 44.270580 
coin5-05.pgm  346  479  70  70 2 5h 19.088888 14.948148 18.819117 16.218119 28.765291 33.167229 41.181202 41.346973 
coin5-05.pgm  192  479  70  70 2 5h 32.164444 14.223882 28.654676 14.531782 35.729729 30.368767 44.495182 39.719437 
coin10-06.pgm   80   74  70  70 0 10h 32.671112 14.026034 35.080166 15.746891 34.951637 20.646156 41.571205 31.061838 
coin10-06.pgm  503   76  70  70 0 10h 44.755554 16.266666 45.424461 17.230711 44.008060 19.666393 50.428272 32.096275 
coin10-06.pgm  217   79  70  70 0 10h 40.524445 13.794212 38.943474 15.903216 36.480324 19.561932 43.851082 33.872620 
coin10-06.pgm  360   80  70  70 0 10h 51.328888 15.447309 46.885921 18.468697 45.544807 24.767433 47.000519 33.030102 
coin10-06.pgm  145  125  70  70 4 back 60.364445 36.583546 59.223022 33.853588 61.521099 35.819069 61.337933 34.665543 
coin10-06.pgm  284  134  70  70 4 back 69.057777 39.484879 69.179855 36.950882 69.275963 38.432049 68.673004 37.104721 
coin10-06.pgm  432  136  70  70 4 back 69.044441 35.888592 69.284683 34.845486 69.781891 35.319424 70.516014 35.137329 
coin10-06.pgm   87  189  70  70 0 10h 40.035557 14.396642 40.161358 16.838524 38.913704 22.035383 43.425411 32.332623 
coin10-06.pgm  209  199  70  70 0 10h 45.582222 13.329106 42.826309 16.702335 44.110004 22.434061 47.666233 29.366768 
coin10-06.pgm  358  202  70  70 0 10h 36.279999 14.363022 32.603291 16.800026 31.776670 21.152683 40.632908 33.515007 
coin10-06.pgm  507  205  70  70 0 10h 38.786667 14.892563 38.362797 17.811722 38.025131 21.816061 45.536057 33.012123 
coin10-06.pgm  282  254  70  70 4 back 69.933334 41.817482 69.432686 37.255287 69.061165 39.222740 68.712311 37.994656 
coin10-06.pgm  433  262  70  70 4 back 74.515556 39.949234 70.028778 34.803745 71.470840 36.036976 71.696953 36.759903 
coin10-06.pgm   88  311  70  70 1 10t 65.764442 46.504219 66.529289 49.667454 64.232338 49.239681 60.475658 47.601494 
coin10-06.pgm  212  317  70  70 1 10t 59.675556 52.957905 56.609455 52.558533 54.702229 51.385410 53.860191 48.189934 
coin10-06.pgm  364  323  70  70 1 10t 52.711113 44.231903 54.821171 49.983936 52.029396 48.906544 52.169746 48.339985 
coin10-06.pgm  503  338  70  70 1 10t 56.035557 52.033737 59.105858 55.012119 58.428165 54.542015 54.658421 51.313969 
coin10-06.pgm  143  375  70  70 4 back 58.244446 33.111507 61.083248 38.821072 61.857277 37.024063 61.844311 35.894970 
coin10-06.pgm  282  378  70  70 4 back 66.875557 45.446163 66.347382 40.235249 66.017548 40.339397 67.292374 39.866596 
coin10-06.pgm  426  387  70  70 4 back 72.208885 40.649876 71.850975 35.472782 73.981033 36.874939 73.905754 36.725140 
coin10-06.pgm   82  428  70  70 1 10t 64.951111 50.989986 63.986641 52.294693 63.217163 52.443054 59.265034 47.862099 
coin10-06.pgm  210  436  70  70 1 10t 69.515556 51.957966 67.393631 53.878193 64.438599 51.855072 59.889351 47.891331 
coin10-06.pgm  355  444  70  70 1 10t 68.400002 51.472000 67.986641 57.511715 64.184921 53.994694 60.080189 49.009033 
coin10-06.pgm  489  450  70  70 1 10t 48.320000 46.137600 57.836586 55.319302 56.305832 55.034866 52.168968 50.618473 
coin5-06.pgm   88   76  70  70 3 5t 44.902222 42.278717 46.621788 43.799580 39.829777 40.552166 48.123924 45.664585 
coin5-06.pgm  478   82  70  70 3 5t 43.511112 38.023903 44.161358 38.439503 39.473209 33.743042 50.025513 42.808117 
coin5-06.pgm  351   86  70  70 3 5t 38.168888 32.945187 43.429600 41.664375 37.440018 35.533306 49.529808 45.823471 
coin5-06.pgm  206   86  70  70 3 5t 44.728889 32.966873 49.793423 39.429413 46.649597 35.385197 51.516010 40.905041 
coin5-06.pgm   78  210  70  70 2 5h 22.235556 10.822795 24.461460 17.156507 32.188240 34.150913 40.594898 40.368607 
coin5-06.pgm  199  218  70  70 2 5h 11.733334 8.543407 16.785200 15.998088 30.086296 36.844357 38.557667 40.982632 
coin5-06.pgm  477  225  70  70 2 5h 25.991112 11.813057 29.576567 17.799492 33.536274 26.269644 45.708149 39.101177 
coin5-06.pgm  337  230  70  70 2 5h 26.666666 11.780741 30.551901 17.577429 32.969181 24.245018 43.475395 35.002880 
coin5-06.pgm   78  343  70  70 3 5t 42.840000 31.971556 47.525181 39.351334 47.213371 39.161427 50.945065 42.142258 
coin5-06.pgm  207  351  70  70 3 5t 49.835556 35.749687 53.010277 41.300938 47.224277 35.872681 51.872169 40.762577 
coin5-06.pgm  475  353  70  70 3 5t 35.128887 34.851398 37.651592 35.987030 32.026554 31.879486 47.034107 43.216198 
coin5-06.pgm  337  356  70  70 3 5t 41.657776 39.630932 42.601234 40.239796 34.402088 33.205219 46.061443 41.173046 
coin5-06.pgm   71  470  70  70 2 5h 19.968889 10.390716 26.042137 18.635736 30.675201 30.105495 40.275711 38.592957 
coin5-06.pgm  192  479  70  70 2 5h 30.604445 11.979733 34.501541 20.686453 35.609295 30.326830 45.482948 40.066711 
coin5-06.pgm  474  484  70  70 2 5h 12.515555 7.481995 16.936279 13.144104 27.667616 32.562298 40.392868 42.552547 
coin5-06.pgm  341  488  70  70 2 5h 14.622222 10.248889 19.377184 15.814957 31.913229 36.435978 42.292633 42.430588 
coin10-07.pgm   76   75  70  70 0 10h 34.804443 14.207842 35.668037 17.335726 34.875771 20.695997 43.425148 33.745995 
coin10-07.pgm  488   81  70  70 0 10h 44.297779 13.370667 43.357658 15.446087 42.366524 18.603075 49.496223 30.850899 
coin10-07.pgm  210   81  70  70 0 10h 40.795555 16.014460 38.083248 18.379646 36.623993 22.553442 43.898983 35.113708 
coin10-07.pgm  356   85  70  70 0 10h 45.951111 13.691378 46.279549 16.016596 43.062115 21.974888 47.832336 33.269196 
coin10-07.pgm  142  127  70  70 4 back 62.235554 36.179634 61.882835 33.760994 61.139404 35.928818 61.215050 34.775642 
coin10-07.pgm  285  133  70  70 4 back 65.959999 35.379200 67.572456 38.860916 69.365578 38.392647 69.041916 37.991440 
coin10-07.pgm  424  138  70  70 4 back 65.120003 33.396622 69.595070 33.715721 69.789948 34.557556 71.321533 34.232731 
coin10-07.pgm   82  187  70  70 0 10h 40.315556 16.813747 41.033916 18.720352 39.782360 23.412138 44.257484 32.807617 
coin10-07.pgm  203  197  70  70 0 10h 43.973331 14.521955 46.036999 20.023550 44.064011 23.087673 48.889351 30.984785 
coin10-07.pgm  345  200  70  70 0 10h 31.777779 16.593580 31.528263 17.392103 31.533428 22.088076 42.367874 36.686584 
coin10-07.pgm  486  207  70  70 0 10h 40.799999 16.961779 40.970196 19.680536 39.463726 23.239037 46.814892 34.407585 
coin10-07.pgm  139  253  70  70 4 back 60.520000 36.724621 59.318604 33.208073 61.852535 33.882946 61.689404 33.870434 
coin10-07.pgm  273  253  70  70 4 back 68.266670 38.786964 69.732788 39.941711 68.734474 38.025501 67.825829 38.087605 
coin10-07.pgm  419  259  70  70 4 back 70.320000 32.258488 71.697845 34.877640 72.092934 34.740761 72.111168 36.065323 
coin10-07.pgm   75  308  70  70 1 10t 67.613335 47.904236 66.240494 47.462353 63.965385 49.214226 60.643581 48.275467 
coin10-07.pgm  202  314  70  70 1 10t 51.768890 48.110973 53.085304 49.069523 52.461830 49.531502 52.982555 47.668503 
coin10-07.pgm  346  318  70  70 1 10t 46.937778 44.080395 51.655704 48.479458 50.792793 48.424503 51.888569 48.458576 
coin10-07.pgm  483  326  70  70 1 10t 53.808887 49.667278 55.870502 51.632774 56.038406 52.490570 53.611561 50.568497 
coin10-07.pgm  273  372  70  70 4 back 68.368889 39.796543 69.761559 40.187252 68.495972 39.204170 69.071075 39.120632 
coin10-07.pgm  413  379  70  70 4 back 70.471107 42.118240 69.159302 37.650520 71.191086 38.479759 71.354591 38.074627 
coin10-07.pgm   77  422  70  70 1 10t 63.106667 54.690132 62.719425 51.290409 60.501659 49.609631 58.374901 47.553429 
coin10-07.pgm  200  431  70  70 1 10t 67.893333 50.672710 64.010277 50.013836 62.659554 49.503983 59.131477 46.675491 
coin10-07.pgm  343  435  70  70 1 10t 66.071114 52.877037 63.803699 51.611977 60.286392 50.111755 58.333767 48.161674 
coin10-07.pgm  482  436  70  70 1 10t 61.168888 55.927467 58.109970 54.717182 53.414413 51.883957 52.797710 51.719337 
coin5-07.pgm   78   76  70  70 2 5h 23.751112 12.894617 26.561152 21.316067 26.824087 28.496693 40.828430 41.023304 
coin5-07.pgm  347   80  70  70 2 5h 28.604445 15.315714 30.903391 18.901325 34.672356 26.598894 45.438427 36.731594 
coin5-07.pgm  206   80  70  70 2 5h 11.862223 10.209540 19.272354 19.939264 23.643908 28.568336 38.998177 42.069885 
coin5-07.pgm  481   87  70  70 2 5h 26.924444 14.507575 29.290854 19.682968 31.717876 25.582052 45.891693 39.546841 
coin5-07.pgm   80  199  70  70 3 5t 60.524445 61.059475 46.286743 45.939178 37.518730 39.053017 46.914867 45.390026 
coin5-07.pgm  205  204  70  70 3 5t 54.568890 45.783348 50.563206 41.169231 46.806545 35.125008 51.454571 41.122799 
coin5-07.pgm  483  210  70  70 3 5t 50.382221 43.267792 46.136692 38.600086 39.846848 31.849646 49.608696 40.834385 
coin5-07.pgm  342  212  70  70 3 5t 56.155556 60.001778 42.617676 42.827198 36.252728 35.993675 46.974487 44.443176 
coin5-07.pgm   71  336  70  70 3 5t 58.897778 52.281284 49.210690 44.218330 43.298244 37.153019 51.479824 43.958565 
coin5-07.pgm  207  345  70  70 3 5t 58.017776 50.033543 50.933197 40.966171 44.684212 34.171444 50.532673 40.475388 
coin5-07.pgm  347  346  70  70 3 5t 52.982224 51.299633 42.312435 38.200836 37.866287 34.282997 46.684719 40.233799 
coin5-07.pgm  477  350  70  70 3 5t 41.364445 40.371201 37.004112 36.550369 30.697012 29.806202 46.071594 41.747974 
coin5-07.pgm   70  469  70  70 2 5h 23.026667 14.961422 27.237410 21.570400 30.024656 30.418776 41.241344 40.134148 
coin5-07.pgm  338  472  70  70 2 5h 18.702223 14.123062 23.268242 22.375175 30.083925 35.716595 42.906536 43.516914 
coin5-07.pgm  477  473  70  70 2 5h 18.737778 15.096059 20.568346 19.601898 24.953058 29.516787 41.246552 43.125763 
coin5-07.pgm  198  473  70  70 2 5h 33.573334 18.301985 33.741009 21.787870 36.982456 32.545349 44.441032 39.131538 
coin10-08.pgm   72   75  70  70 0 10h 34.862221 18.721422 34.918808 17.774252 34.294926 21.082981 42.938297 34.057564 
coin10-08.pgm  199   84  70  70 0 10h 38.311111 22.560791 36.331963 19.363657 36.710762 23.144835 42.335331 34.284306 
coin10-08.pgm  480   89  70  70 0 10h 42.759998 14.244267 42.053444 15.997924 43.344711 19.894741 47.255924 29.730822 
coin10-08.pgm  348   90  70  70 0 10h 45.302223 15.798953 45.619732 18.576540 44.660027 22.903610 48.653996 32.502449 
coin10-08.pgm  135  132  70  70 4 back 62.057777 36.782658 63.618706 34.265381 60.326221 35.275799 61.041916 34.611900 
coin10-08.pgm  272  137  70  70 4 back 70.088890 36.899555 69.962997 34.927452 69.464203 35.968819 69.125229 36.633156 
coin10-08.pgm  409  142  70  70 4 back 69.337776 39.003536 69.753342 36.703480 71.746323 36.476158 71.890915 36.240982 
coin10-08.pgm   75  190  70  70 0 10h 40.693333 17.171082 41.047276 20.006792 40.470364 23.860802 44.826607 33.912807 
coin10-08.pgm  204  199  70  70 0 10h 41.693333 18.479881 43.712231 19.731766 44.386913 22.878214 48.694870 30.992020 
coin10-08.pgm  341  202  70  70 0 10h 32.480000 15.901867 31.421377 16.480345 33.130394 23.096563 40.460297 33.102791 
coin10-08.pgm  481  207  70  70 0 10h 39.888889 17.241482 41.369991 20.862803 39.999527 23.572618 45.798489 32.588886 
coin10-08.pgm  129  246  70  70 4 back 62.426666 34.569481 60.971222 34.584709 61.514935 34.396244 62.128872 33.840912 
coin10-08.pgm  269  256  70  70 4 back 69.088890 37.073383 70.308327 36.758694 69.958748 37.636436 68.455353 36.892765 
coin10-08.pgm  410  260  70  70 4 back 70.408890 33.106846 72.213776 35.123497 71.773827 35.887249 72.536575 35.658276 
coin10-08.pgm   70  307  70  70 1 10t 69.519997 42.203377 64.630013 46.093128 64.044571 49.135426 59.771935 47.874474 
coin10-08.pgm  191  316  70  70 1 10t 51.688889 45.575901 53.913670 49.469830 55.661449 52.961281 54.060661 48.456982 
coin10-08.pgm  336  321  70  70 1 10t 49.733334 42.416000 53.719425 50.279472 53.564724 51.161411 53.138767 49.943359 
coin10-08.pgm  477  325  70  70 1 10t 49.675556 43.342300 56.863308 52.740185 58.451874 54.802078 54.602707 50.742165 
coin10-08.pgm  261  371  70  70 4 back 69.400002 33.521778 67.225075 38.046078 67.711708 37.765007 68.527725 37.957306 
coin10-08.pgm  403  373  70  70 4 back 73.048889 36.638382 71.137718 37.186790 72.022285 37.204620 72.185371 38.173340 
coin10-08.pgm   78  421  70  70 1 10t 65.182220 49.175507 65.181915 55.084122 62.865337 52.941780 59.982555 50.663410 
coin10-08.pgm  329  428  70  70 1 10t 66.262222 48.045509 64.993835 55.356510 61.217163 52.527653 58.943245 49.057030 
coin10-08.pgm  473  432  70  70 1 10t 57.057777 49.313622 60.363823 57.092281 56.242767 54.088722 53.777401 52.338345 
coin10-08.pgm  188  432  70  70 1 10t 63.595554 40.164860 62.023640 47.978382 64.416786 50.638851 60.546211 47.792370 
coin5-08.pgm   76   77  70  70 2 5h 23.831112 11.111625 24.127441 15.296825 30.288763 31.008226 41.510284 40.066929 
coin5-08.pgm  210   86  70  70 2 5h 13.542222 7.535052 18.890030 15.833754 24.324799 27.936304 38.820621 40.841743 
coin5-08.pgm  346   87  70  70 2 5h 29.422222 12.845827 30.774923 16.786493 32.714081 22.786015 44.180683 34.342968 
coin5-08.pgm  476   88  70  70 2 5h 29.471111 11.526875 29.720451 15.293489 32.921291 23.223438 45.613380 36.725273 
coin5-08.pgm   76  206  70  70 3 5t 49.240002 40.792889 47.885921 43.344177 37.801804 35.697853 46.346523 43.085377 
coin5-08.pgm  202  207  70  70 3 5t 47.924446 31.732899 50.776978 39.282040 45.688953 33.719574 51.224941 39.682388 
coin5-08.pgm  478  212  70  70 3 5t 46.662224 37.780621 42.670094 35.493568 39.633003 33.244728 48.629784 40.886642 
coin5-08.pgm  345  216  70  70 3 5t 47.777779 40.473087 45.366905 42.222954 38.335705 36.485287 48.298359 43.766262 
coin5-08.pgm   74  346  70  70 2 5h 22.804445 9.516247 26.344296 16.110065 34.965862 33.544647 42.987762 38.289288 
coin5-08.pgm  197  348  70  70 2 5h 38.288887 13.328988 36.273380 17.127359 41.281178 32.836605 46.348869 37.239021 
coin5-08.pgm  480  349  70  70 2 5h 16.848888 8.406163 20.190134 16.586660 26.906591 30.017101 42.332726 43.553112 
coin5-08.pgm  335  351  70  70 2 5h 18.173334 7.302874 22.516958 16.243206 31.302513 33.412006 43.486073 41.957054 
coin5-08.pgm   73  462  70  70 3 5t 49.564445 38.038757 48.368961 40.607552 43.349930 35.674957 48.731579 41.385822 
coin5-08.pgm  478  468  70  70 3 5t 41.395557 35.049797 40.880779 37.773075 33.975819 32.120827 47.679512 42.828968 
coin5-08.pgm  336  468  70  70 3 5t 36.982224 28.349787 37.650566 31.697195 33.901848 31.049660 45.633430 40.167133 
coin5-08.pgm  197  470  70  70 3 5t 54.337776 40.797157 49.912640 39.977097 42.860123 31.833292 49.158291 38.840038 
coin10-09.pgm  474   72  70  70 0 10h 39.391109 12.239763 41.668037 14.244239 43.689899 17.862877 46.305908 28.203602 
coin10-09.pgm  344   72  70  70 0 10h 43.782223 12.276662 45.043167 15.901158 43.928875 22.303686 47.334290 32.995266 
coin10-09.pgm  201   73  70  70 0 10h 38.528889 20.028090 37.828365 18.920074 38.770508 22.323523 42.612080 31.031662 
coin10-09.pgm   83   75  70  70 0 10h 31.288889 12.641581 34.411098 18.242876 34.992889 21.424122 42.503777 31.593636 
coin10-09.pgm  272  125  70  70 4 back 67.000000 35.653332 70.286743 35.789104 70.384071 36.216785 70.184845 36.322060 
coin10-09.pgm  408  127  70  70 4 back 67.862221 31.273718 71.367935 34.023941 72.028923 34.221550 72.467850 34.650330 
coin10-09.pgm  136  129  70  70 4 back 64.111115 37.248394 60.421379 37.269787 61.327168 34.966187 61.233013 35.205372 
coin10-09.pgm   71  182  70  70 1 10t 68.435555 46.666904 66.165466 49.215984 63.577049 51.018696 60.236656 49.689674 
coin10-09.pgm  195  186  70  70 0 10h 43.928890 18.725491 45.031860 21.527449 44.885254 23.053263 49.434002 32.113270 
coin10-09.pgm  338  191  70  70 0 10h 29.817778 12.637076 31.427544 16.815521 32.238026 22.243755 41.141891 34.051121 
coin10-09.pgm  470  196  70  70 1 10t 54.888889 47.796543 59.543678 55.961132 57.623043 53.937477 55.319187 52.408867 
coin10-09.pgm  268  236  70  70 4 back 69.551109 35.165630 71.344299 37.160351 71.239922 36.040619 69.422806 36.202343 
coin10-09.pgm  396  242  70  70 4 back 73.177780 35.989925 71.046249 33.790630 71.565193 35.051083 71.381935 35.530937 
coin10-09.pgm   72  291  70  70 0 10h 45.715557 21.889856 43.021584 19.687948 41.840683 23.103178 45.586826 32.470600 
coin10-09.pgm  186  299  70  70 1 10t 56.017776 50.869728 57.685509 54.361073 53.522049 50.553871 54.125229 49.307137 
coin10-09.pgm  463  303  70  70 0 10h 38.671112 16.944395 38.464542 17.826191 39.599335 22.799463 46.386620 34.790787 
coin10-09.pgm  328  308  70  70 1 10t 55.035557 54.293411 58.269272 57.205051 55.303463 54.390854 54.751106 51.850029 
coin10-09.pgm  123  353  70  70 4 back 66.355553 42.036938 64.058578 37.688988 61.535797 35.626221 62.600624 35.465511 
coin10-09.pgm  254  355  70  70 4 back 66.706665 37.097836 66.906471 37.031136 68.353722 37.746708 68.736008 36.960857 
coin10-09.pgm  404  357  70  70 4 back 63.511112 38.496593 70.312439 37.361443 70.949738 36.552872 71.645668 36.465378 
coin10-09.pgm   71  408  70  70 1 10t 67.297775 50.929420 65.564232 53.937988 62.806545 52.689766 60.213226 50.684788 
coin10-09.pgm  334  416  70  70 1 10t 57.386665 45.187080 59.588902 48.099571 59.743481 50.658344 58.840927 49.237770 
coin10-09.pgm  184  416  70  70 1 10t 62.355556 48.187653 66.826309 57.174168 64.641060 53.898067 61.784950 51.676594 
coin10-09.pgm  460  424  70  70 1 10t 55.048889 54.639290 60.279549 59.967632 59.135136 57.926750 53.669098 52.074650 
coin5-09.pgm   81   68  70  70 3 5t 51.728889 53.594982 44.475849 45.365341 38.927929 42.613964 47.697994 47.417297 
coin5-09.pgm  338   74  70  70 3 5t 49.377777 51.170567 43.744091 43.349178 41.201519 42.724331 49.922935 47.800343 
coin5-09.pgm  209   78  70  70 3 5t 52.826668 48.898609 48.258991 39.697250 45.067806 35.452381 52.080967 42.096165 
coin5-09.pgm  465   80  70  70 3 5t 53.253334 51.664711 43.396709 38.139355 37.622570 33.530285 49.992451 44.037430 
coin5-09.pgm   78  181  70  70 2 5h 24.382223 11.925610 21.750257 15.296301 32.044098 34.532475 40.495182 40.319618 
coin5-09.pgm  464  193  70  70 2 5h 25.031111 13.159822 24.898252 14.632576 29.870081 23.056379 43.688885 37.414856 
coin5-09.pgm  328  193  70  70 2 5h 30.582222 14.770568 27.660843 14.984660 34.470364 24.882179 44.432438 35.214642 
coin5-09.pgm  204  193  70  70 2 5h 11.795555 10.122351 14.680370 13.536459 23.345661 28.218681 38.034626 40.518883 
coin5-09.pgm   72  313  70  70 2 5h 23.773333 13.089304 24.971224 16.188011 34.965385 32.185120 42.018745 37.534901 
coin5-09.pgm  197  316  70  70 2 5h 36.346668 15.713778 32.130524 16.426226 39.651020 32.781532 47.151524 39.470413 
coin5-09.pgm  329  322  70  70 3 5t 43.751110 41.641640 39.840698 36.952610 40.276436 40.948257 47.509243 42.569275 
coin5-09.pgm  469  326  70  70 3 5t 44.284443 47.523159 36.924973 36.799294 35.355145 36.713833 47.675346 45.321659 
coin5-09.pgm   70  436  70  70 3 5t 53.888889 54.528397 44.285713 41.435032 40.470364 38.215157 48.519135 44.082352 
coin5-09.pgm  191  444  70  70 3 5t 47.457779 42.785145 46.542652 39.404503 42.076340 34.993290 48.743816 40.327724 
coin5-09.pgm  328  452  70  70 2 5h 18.137777 13.066746 19.088387 15.783123 27.741583 31.815447 42.007809 42.279312 
coin5-09.pgm  466  457  70  70 2 5h 18.991112 13.855368 16.712231 13.450797 24.977715 29.331083 41.078625 44.052513 
coin10-10.pgm   75   68  70  70 0 10h 41.155556 15.416692 39.210690 15.417838 39.697487 20.441280 44.660503 33.803223 
coin10-10.pgm  471   72  70  70 0 10h 41.648888 16.310202 42.398766 15.553697 43.660027 18.101089 47.042175 28.764650 
coin10-10.pgm  204   73  70  70 1 10t 54.568890 43.522804 61.101746 56.934174 59.742531 55.247055 55.080448 48.521309 
coin10-10.pgm  340   74  70  70 0 10h 45.933334 16.034964 47.184994 18.981001 43.231865 22.485416 47.283779 32.460300 
coin10-10.pgm  137  115  70  70 4 back 58.737778 31.233303 59.312435 34.214344 61.562351 35.398903 61.102318 34.471386 
coin10-10.pgm  407  120  70  70 4 back 69.866669 32.907261 70.669067 33.093319 70.627312 35.068138 71.064827 34.419533 
coin10-10.pgm  272  125  70  70 4 back 67.484444 38.565769 69.997948 35.358593 70.474632 36.408512 70.399635 35.782787 
coin10-10.pgm   77  171  70  70 1 10t 58.684444 48.824654 66.356628 55.309105 64.583687 53.982941 56.739391 49.157146 
coin10-10.pgm  197  177  70  70 0 10h 44.391109 24.659832 39.524151 22.613295 37.396397 24.674604 43.036709 33.419716 
coin10-10.pgm  336  181  70  70 1 10t 47.613335 44.931675 54.826309 53.809330 54.714081 54.817711 49.943764 49.727955 
coin10-10.pgm  480  183  70  70 1 10t 58.928890 50.135666 59.918808 54.591946 57.402561 52.678860 54.989326 50.850433 
coin10-10.pgm  129  234  70  70 4 back 61.346668 38.554073 62.375130 37.268383 61.698910 35.077423 61.988804 35.148594 
coin10-10.pgm  270  240  70  70 4 back 72.973335 35.767822 71.779037 36.037868 70.515884 35.051792 69.964851 35.534180 
coin10-10.pgm  408  242  70  70 4 back 73.191109 34.817581 71.166496 33.842228 72.012329 34.797619 72.825829 35.773270 
coin10-10.pgm   73  288  70  70 0 10h 32.982224 12.680731 36.209660 17.898794 35.765766 21.139978 43.124966 31.409615 
coin10-10.pgm  200  290  70  70 1 10t 65.271111 45.715752 65.278519 52.341526 65.920815 52.743191 63.149181 51.729897 
coin10-10.pgm  335  301  70  70 0 10h 35.208889 15.842173 31.815004 14.196943 34.188717 22.456604 42.182243 35.203392 
coin10-10.pgm  470  311  70  70 1 10t 60.168888 57.561520 58.994862 57.380489 54.814606 54.840370 53.998959 52.579159 
coin10-10.pgm  261  354  70  70 4 back 66.839996 35.004444 67.426514 36.210979 68.074921 36.385330 68.801872 37.126629 
coin10-10.pgm  398  361  70  70 4 back 74.271111 37.422142 70.989723 36.918438 71.680893 37.298470 72.473831 37.381626 
coin10-10.pgm  475  405  70  70 0 10h 33.524445 12.623368 39.075027 17.414627 37.795639 20.495064 47.112732 35.074665 
coin10-10.pgm   71  406  70  70 1 10t 68.413330 54.263584 69.319633 58.958195 64.021339 55.101543 59.426453 51.257935 
coin10-10.pgm  330  407  70  70 1 10t 61.084446 50.138508 62.272354 52.579697 61.169750 53.283829 56.296276 48.193653 
coin10-10.pgm  188  415  70  70 0 10h 45.355556 17.848297 44.293938 18.641100 45.590801 22.310225 49.120800 30.540249 
coin5-10.pgm  439   65  70  70 3 5t 49.248890 40.729599 44.648510 38.590176 40.873398 35.341312 50.389221 43.557770 
coin5-10.pgm   82   67  70  70 2 5h 24.813334 11.419852 25.469681 18.034798 29.506876 30.377443 42.034626 41.317097 
coin5-10.pgm  196   69  70  70 2 5h 14.671111 8.781827 18.533401 16.224421 23.539593 26.582378 39.003906 40.777069 
coin5-10.pgm  319   70  70  70 3 5t 44.422222 36.962566 43.657761 38.462891 39.200096 36.769226 47.993233 43.014065 
coin5-10.pgm  193  182  70  70 3 5t 49.986668 33.939083 51.581707 38.868397 47.310574 34.364002 52.346004 40.567043 
coin5-10.pgm   79  183  70  70 3 5t 51.026669 42.320709 48.688591 43.694229 39.439072 38.958351 46.808643 43.971863 
coin5-10.pgm  309  186  70  70 2 5h 30.457777 11.248987 30.941418 15.601176 35.036037 23.957438 44.920853 34.581097 
coin5-10.pgm  436  187  70  70 2 5h 28.866667 11.418074 27.927031 13.286290 34.129444 24.133604 45.709709 37.103352 
coin5-10.pgm   70  291  70  70 2 5h 25.360001 13.008355 27.563206 18.716431 31.140825 29.190027 42.899506 39.035259 
coin5-10.pgm  195  292  70  70 3 5t 45.853333 38.604206 41.971222 36.418495 38.576576 35.609688 44.403542 38.439541 
coin5-10.pgm  438  296  70  70 3 5t 37.546665 31.770666 39.889004 36.193150 37.819820 36.005825 46.512367 41.700912 
coin5-10.pgm  308  297  70  70 2 5h 38.751110 14.690054 35.330936 17.750502 41.115219 32.970840 48.015621 38.703407 
coin5-10.pgm  312  413  70  70 3 5t 57.377777 41.147060 50.497429 39.653214 45.137032 33.755451 51.838062 39.289612 
coin5-10.pgm  422  416  70  70 2 5h 23.351110 18.433067 24.648510 24.272722 31.392603 34.364410 43.513668 44.928654 
coin5-10.pgm   66  416  70  70 3 5t 44.746666 32.817657 48.332993 39.524704 42.018017 33.497471 48.885708 40.310520 
coin5-10.pgm  187  417  70  70 2 5h 18.480000 9.386666 22.240494 17.293722 30.147938 32.839420 40.907837 40.551922 
coin10-11.pgm   78   70  70  70 1 10t 65.884445 48.630203 67.159302 54.299587 64.122330 52.012383 58.387398 49.443489 
coin10-11.pgm  208   73  70  70 0 10h 39.946667 15.572504 37.922920 18.417068 36.860123 22.206081 43.354073 33.532333 
coin10-11.pgm  461   73  70  70 1 10t 50.706665 49.003971 61.177799 58.485222 59.185394 55.758434 55.399895 52.527740 
coin10-11.pgm  335   75  70  70 0 10h 50.706665 19.858608 47.190132 19.861288 46.679943 24.044123 47.890392 31.786762 
coin10-11.pgm  142  118  70  70 4 back 64.684448 38.218746 62.550873 37.164295 61.692272 36.295544 61.476700 35.178677 
coin10-11.pgm  401  123  70  70 4 back 70.315552 41.162312 70.401848 35.330292 70.553818 36.331940 71.108826 35.886967 
coin10-11.pgm  277  123  70  70 4 back 63.248890 32.147713 68.079140 36.521004 69.636795 35.277927 69.929184 35.740562 
coin10-11.pgm   80  171  70  70 0 10h 35.186668 11.657837 39.551903 16.148005 38.632526 21.233208 43.882843 33.198849 
coin10-11.pgm  470  179  70  70 0 10h 41.297779 11.370469 43.966084 16.181246 43.078236 18.954882 49.788074 31.470543 
coin10-11.pgm  334  181  70  70 1 10t 53.662224 54.834805 54.482014 52.455181 52.274536 49.710747 50.255924 47.913502 
coin10-11.pgm  209  181  70  70 1 10t 59.057777 51.592258 59.631039 56.376495 56.799904 55.047375 55.113251 48.549389 
coin10-11.pgm  272  236  70  70 4 back 67.497780 32.855427 69.485100 34.014965 69.714554 34.984913 69.634995 35.622253 
coin10-11.pgm  411  244  70  70 4 back 75.795555 37.243141 72.263107 35.218853 72.359413 35.873768 72.495186 35.531391 
coin10-11.pgm   83  290  70  70 1 10t 68.160004 51.657600 69.517982 57.797852 65.187294 53.949459 61.331425 51.686829 
coin10-11.pgm  204  298  70  70 0 10h 45.231110 17.822657 45.499485 21.002441 45.056900 23.267315 51.283520 32.941494 
coin10-11.pgm  467  305  70  70 0 10h 40.097778 19.176849 39.849949 19.221416 38.933617 22.961285 43.290028 33.119240 
coin10-11.pgm  336  307  70  70 0 10h 27.613333 11.295763 31.971224 18.450169 33.940731 24.365915 42.027077 34.470009 
coin10-11.pgm  141  349  70  70 4 back 55.284443 28.901413 60.028778 35.782177 62.007111 35.817348 62.951836 34.992977 
coin10-11.pgm  402  359  70  70 4 back 72.702225 36.925117 72.505653 37.479973 73.443810 36.976612 73.066391 36.813480 
coin10-11.pgm  272  364  70  70 4 back 75.346664 32.428917 71.519012 35.759354 70.652443 34.815838 70.778961 35.504631 
coin10-11.pgm   75  403  70  70 0 10h 33.262222 16.410547 34.919834 16.555355 36.202938 22.072542 44.928925 34.333485 
coin10-11.pgm  203  407  70  70 1 10t 63.493332 47.751228 67.826309 57.207142 65.305832 54.274834 60.536839 50.693249 
coin10-11.pgm  468  413  70  70 1 10t 60.413334 57.364265 58.858170 55.845203 53.633003 52.538746 52.628483 51.089489 
coin10-11.pgm  334  414  70  70 1 10t 66.093330 58.589985 64.845840 56.853233 60.049313 51.469982 57.549335 47.772049 
coin5-11.pgm   70   67  70  70 2 5h 25.564444 13.035180 27.047276 20.494692 27.871029 28.818674 41.410049 40.764557 
coin5-11.pgm  204   70  70  70 2 5h 14.057777 10.854993 19.792395 18.172459 24.238028 27.596722 39.634731 41.061028 
coin5-11.pgm  331   72  70  70 3 5t 52.675556 52.155022 44.335045 43.339859 36.286392 34.597092 49.562874 45.357559 
coin5-11.pgm  461   77  70  70 3 5t 52.417778 44.365196 44.540596 35.826691 38.284969 29.909023 49.797447 40.363560 
coin5-11.pgm   69  184  70  70 3 5t 58.200001 55.484444 45.176773 42.839928 36.195827 35.213303 45.432178 42.889904 
coin5-11.pgm  333  186  70  70 2 5h 28.826666 13.430637 31.248714 17.969555 33.197723 23.525349 44.625359 35.901875 
coin5-11.pgm  202  186  70  70 3 5t 56.799999 44.195557 50.705036 40.569122 46.404457 34.568268 52.183025 39.850327 
coin5-11.pgm  460  187  70  70 2 5h 24.595556 12.726755 28.154161 18.119812 31.321953 24.113232 46.151524 38.383072 
coin5-11.pgm   67  297  70  70 2 5h 23.453333 11.658193 28.397739 20.589197 32.629208 30.544506 43.556366 38.681564 
coin5-11.pgm  332  304  70  70 2 5h 34.946667 18.367289 34.258991 21.334803 37.353722 31.438459 46.980473 39.862930 
coin5-11.pgm  199  305  70  70 3 5t 51.511112 51.211655 44.537514 40.272808 37.741108 33.574532 46.010155 38.628399 
coin5-11.pgm  460  310  70  70 3 5t 48.177776 50.647110 37.909557 37.654598 32.212421 31.470905 47.415257 43.059574 
coin5-11.pgm   72  407  70  70 3 5t 55.457779 54.209187 45.512848 41.775883 39.435276 34.603405 48.177559 41.483749 
coin5-11.pgm  195  413  70  70 2 5h 19.186666 12.429393 24.691675 22.209793 29.597914 33.145527 41.519657 41.643169 
coin5-11.pgm  460  414  70  70 2 5h 19.444445 14.361482 22.467627 20.090664 28.093409 32.209396 42.338974 42.973003 
coin5-11.pgm  334  417  70  70 3 5t 62.364445 55.233345 51.055500 41.399033 44.832150 35.025536 51.725853 40.974277 
coin10-12.pgm  206   73  70  70 0 10h 37.511112 17.093925 37.397739 19.756136 37.398293 23.629280 42.236656 33.235031 
coin10-12.pgm   70   75  70  70 0 10h 33.595554 11.223427 39.727646 19.471483 38.937885 22.506733 43.227547 31.179571 
coin10-12.pgm  463   75  70  70 1 10t 52.924446 45.749493 57.630009 52.400734 59.228546 55.076790 54.093727 52.018337 
coin10-12.pgm  329   77  70  70 1 10t 50.013332 43.316742 56.270298 52.790237 54.940731 53.307705 52.317364 49.210621 
coin10-12.pgm  266  123  70  70 4 back 66.506668 30.874075 68.947586 35.507233 70.159317 35.728809 70.261131 36.165340 
coin10-12.pgm  137  123  70  70 4 back 63.604443 37.862518 61.416237 35.613956 61.348980 35.087063 61.453266 35.047516 
coin10-12.pgm  402  128  70  70 4 back 67.546669 32.849777 71.679344 36.628506 72.653389 35.133263 73.128090 35.092716 
coin10-12.pgm   75  177  70  70 1 10t 59.355556 45.140148 65.665985 51.207039 63.679943 51.764969 57.193699 48.389034 
coin10-12.pgm  208  188  70  70 1 10t 51.586666 46.132149 54.808838 51.239395 55.991940 54.062763 54.385578 48.912029 
coin10-12.pgm  327  192  70  70 0 10h 50.924446 23.360237 51.452209 20.426920 48.669510 25.024929 49.443634 32.468822 
coin10-12.pgm  458  198  70  70 0 10h 41.506668 11.114193 43.790340 15.089733 43.053104 18.880913 49.814632 32.041355 
coin10-12.pgm  133  234  70  70 4 back 64.688889 36.179359 62.590958 35.586708 63.096252 36.307693 62.289509 35.019894 
coin10-12.pgm  268  247  70  70 4 back 69.884445 36.644939 71.047279 34.593864 70.978661 35.320778 71.260345 35.758499 
coin10-12.pgm  394  249  70  70 4 back 70.760002 34.253155 72.449127 36.220345 71.812233 35.748833 72.482430 36.330128 
coin10-12.pgm   73  297  70  70 0 10h 39.391109 19.610588 38.204521 20.273958 37.061642 23.728180 43.516010 32.402889 
coin10-12.pgm  189  302  70  70 0 10h 46.946667 16.656000 45.438850 19.600168 46.774300 24.969288 49.737568 32.217449 
coin10-12.pgm  336  304  70  70 1 10t 56.857777 44.734856 61.484070 51.805531 61.647224 54.486717 59.594898 51.290070 
coin10-12.pgm  463  315  70  70 0 10h 37.715557 14.197057 39.012333 18.315998 38.569466 22.217600 44.515232 32.533417 
coin10-12.pgm  263  354  70  70 4 back 67.355553 46.650272 68.357658 37.963562 69.636322 37.686146 69.212181 37.289867 
coin10-12.pgm  384  361  70  70 4 back 73.004448 38.786922 72.294968 37.563805 71.968704 36.434521 72.605835 37.511959 
coin10-12.pgm  199  411  70  70 1 10t 60.884445 48.489677 67.005142 57.281338 64.341393 54.471661 58.801613 49.900463 
coin10-12.pgm   67  417  70  70 1 10t 67.017776 51.572109 66.527237 56.721207 65.065437 55.911400 61.223900 52.705688 
coin10-12.pgm  467  419  70  70 1 10t 60.911110 59.097088 56.968140 52.969940 52.366997 50.234409 51.366310 49.912571 
coin10-12.pgm  324  425  70  70 0 10h 29.062222 11.272415 31.992805 17.221542 31.694168 21.328941 41.756313 34.791996 
coin5-12.pgm  213   74  70  70 2 5h 11.213333 6.759585 16.232271 14.495049 22.815552 26.705872 38.405365 40.929359 
coin5-12.pgm   77   74  70  70 2 5h 25.240000 11.364266 25.137718 17.069147 28.901375 29.798920 42.001041 41.310467 
coin5-12.pgm  475   74  70  70 3 5t 44.755554 32.629333 44.845837 36.547291 40.240398 33.310749 49.996876 41.392929 
coin5-12.pgm  341   74  70  70 3 5t 46.551109 42.530922 46.986641 45.091240 37.119488 35.819931 48.351994 44.305187 
coin5-12.pgm  470  183  70  70 2 5h 27.804445 12.079526 28.854059 17.013479 34.349930 25.484774 45.475918 37.355583 
coin5-12.pgm  343  186  70  70 2 5h 28.639999 11.027200 28.675232 14.488615 33.827881 24.274733 43.600105 34.666317 
coin5-12.pgm   71  186  70  70 3 5t 50.733334 47.578667 51.023640 49.747715 41.930298 43.086891 47.866703 45.389858 
coin5-12.pgm  210  190  70  70 3 5t 48.706665 33.087524 51.352516 39.905136 45.892365 33.852676 52.360844 40.312496 
coin5-12.pgm   75  297  70  70 2 5h 23.142221 10.528750 26.528263 18.398130 32.236607 30.798450 43.125229 38.693157 
coin5-12.pgm  200  302  70  70 3 5t 39.982224 31.006460 39.563206 34.511166 35.877666 33.063892 43.197346 37.747265 
coin5-12.pgm  341  306  70  70 2 5h 36.484444 14.191881 34.568344 18.234608 35.522522 28.362839 47.865921 40.232647 
coin5-12.pgm  471  307  70  70 3 5t 39.444443 36.187653 40.644398 39.245388 36.244667 36.512917 47.015362 43.396320 
coin5-12.pgm   71  404  70  70 3 5t 49.951111 40.941631 48.787254 41.281876 42.916073 35.210468 49.351994 42.066338 
coin5-12.pgm  192  410  70  70 2 5h 16.977777 7.585185 22.283659 17.910841 30.314367 33.858749 41.561314 41.310444 
coin5-12.pgm  461  412  70  70 2 5h 15.133333 7.838815 19.346352 15.546973 26.597914 30.238693 41.715958 43.397442 
coin5-12.pgm  337  414  70  70 3 5t 49.724445 34.589233 49.982529 36.604885 42.427216 30.853640 51.408226 40.088539 
\end
