#Results for evolved program
#Output
#X    Expected     Actual
0 -127.2 221.978
1 -118.5 272.954
2 -94.4 338.825
3 -45.9 428.527
4 36 550.997
5 160.3 715.172
6 336 929.989
7 572.1 1204.38
8 877.6 1547.29
9 1261.5 1967.66
10 1732.8 2474.41
11 2300.5 3076.49
12 2973.6 3782.82
13 3761.1 4602.36
14 4672 5544.04
15 5715.3 6616.78
16 6900 7829.54
17 8235.1 9191.24
18 9729.6 10710.8
19 11392.5 12397.2
20 13232.8 14259.4
21 15259.5 16306.2
22 17481.6 18546.7
23 19908.1 20989.8
24 22548 23644.3
25 25410.3 26519.3
26 28504 29623.7
27 31838.1 32966.4
28 35421.6 36556.3
29 39263.5 40402.5
30 43372.8 44513.7
31 47758.5 48899
32 52429.6 53567.3
33 57395.1 58527.6
34 62664 63788.7
35 68245.3 69359.6
36 74148 75249.3
37 80381.1 81466.6
38 86953.6 88020.6
39 93874.5 94920.1
40 101153 102174
41 108798 109792
42 116818 117781
43 125222 126152
44 134020 134914
45 143220 144074
46 152832 153643
47 162864 163629
48 173326 174040
49 184226 184887
50 195573 196177
51 207376 207921
52 219646 220126
53 232389 232801
54 245616 245957
55 259335 259600
56 273556 273742
57 288287 288389
58 303538 303552
59 319316 319240
60 335633 335460
61 352496 352223
62 369914 369537
63 387896 387411
64 406452 405854
65 425590 424874
66 445320 444482
67 465650 464685
68 486590 485493
69 508148 506915
70 530333 528960
71 553154 551635
72 576622 574952
73 600743 598918
74 625528 623542
75 650985 648833
76 677124 674801
77 703953 701453
78 731482 728800
79 759718 756850
80 788673 785612
81 818354 815095
82 848770 845307
83 879930 876259
84 911844 907958
85 944520 940413
86 977968 973635
87 1.0122e+06 1.00763e+06
88 1.04721e+06 1.04241e+06
89 1.08303e+06 1.07798e+06
90 1.11965e+06 1.11435e+06
91 1.15709e+06 1.15154e+06
92 1.19536e+06 1.18954e+06
93 1.23446e+06 1.22837e+06
94 1.2744e+06 1.26804e+06
95 1.3152e+06 1.30855e+06
96 1.35685e+06 1.34992e+06
97 1.39938e+06 1.39215e+06
98 1.44279e+06 1.43526e+06
99 1.48708e+06 1.47925e+06
100 1.53227e+06 1.52412e+06
101 1.57837e+06 1.5699e+06
102 1.62539e+06 1.61659e+06
103 1.67332e+06 1.66419e+06
104 1.7222e+06 1.71272e+06
105 1.77201e+06 1.76219e+06
106 1.82278e+06 1.8126e+06
107 1.8745e+06 1.86396e+06
108 1.9272e+06 1.91628e+06
109 1.98087e+06 1.96958e+06
110 2.03553e+06 2.02386e+06
111 2.09119e+06 2.07912e+06
112 2.14785e+06 2.13538e+06
113 2.20553e+06 2.19265e+06
114 2.26423e+06 2.25094e+06
115 2.32397e+06 2.31025e+06
116 2.38474e+06 2.3706e+06
117 2.44657e+06 2.43198e+06
118 2.50945e+06 2.49442e+06
119 2.5734e+06 2.55792e+06
120 2.63843e+06 2.62249e+06
121 2.70455e+06 2.68814e+06
122 2.77176e+06 2.75487e+06
123 2.84008e+06 2.8227e+06
124 2.90951e+06 2.89164e+06
125 2.98006e+06 2.96169e+06
126 3.05174e+06 3.03286e+06
127 3.12457e+06 3.10516e+06
128 3.19854e+06 3.17861e+06
129 3.27367e+06 3.2532e+06
130 3.34997e+06 3.32896e+06
131 3.42745e+06 3.40588e+06
132 3.50611e+06 3.48398e+06
133 3.58597e+06 3.56326e+06
134 3.66702e+06 3.64374e+06
135 3.7493e+06 3.72543e+06
136 3.83279e+06 3.80832e+06
137 3.91751e+06 3.89244e+06
138 4.00347e+06 3.97778e+06
139 4.09068e+06 4.06437e+06
140 4.17915e+06 4.1522e+06
141 4.26889e+06 4.24129e+06
142 4.3599e+06 4.33165e+06
143 4.45219e+06 4.42328e+06
144 4.54578e+06 4.5162e+06
145 4.64067e+06 4.61041e+06
146 4.73687e+06 4.70592e+06
147 4.83439e+06 4.80274e+06
148 4.93325e+06 4.90088e+06
149 5.03344e+06 5.00035e+06
150 5.13497e+06 5.10116e+06
151 5.23787e+06 5.20331e+06
152 5.34213e+06 5.30682e+06
153 5.44776e+06 5.41169e+06
154 5.55478e+06 5.51794e+06
155 5.66319e+06 5.62557e+06
156 5.773e+06 5.73459e+06
157 5.88422e+06 5.84501e+06
158 5.99686e+06 5.95684e+06
159 6.11093e+06 6.07008e+06
160 6.22643e+06 6.18476e+06
161 6.34339e+06 6.30087e+06
162 6.46179e+06 6.41842e+06
163 6.58167e+06 6.53743e+06
164 6.70301e+06 6.6579e+06
165 6.82584e+06 6.77984e+06
166 6.95016e+06 6.90327e+06
167 7.07598e+06 7.02818e+06
168 7.20331e+06 7.15459e+06
169 7.33216e+06 7.28251e+06
170 7.46253e+06 7.41194e+06
171 7.59444e+06 7.5429e+06
172 7.7279e+06 7.6754e+06
173 7.86291e+06 7.80943e+06
174 7.99949e+06 7.94502e+06
175 8.13764e+06 8.08217e+06
176 8.27736e+06 8.22089e+06
177 8.41868e+06 8.36119e+06
178 8.5616e+06 8.50308e+06
179 8.70613e+06 8.64656e+06
180 8.85227e+06 8.79165e+06
181 9.00004e+06 8.93835e+06
182 9.14945e+06 9.08668e+06
183 9.3005e+06 9.23664e+06
184 9.4532e+06 9.38824e+06
185 9.60757e+06 9.54149e+06
186 9.76361e+06 9.6964e+06
187 9.92133e+06 9.85298e+06
188 1.00807e+07 1.00112e+07
189 1.02418e+07 1.01712e+07
190 1.04047e+07 1.03328e+07
191 1.05692e+07 1.04962e+07
192 1.07354e+07 1.06612e+07
193 1.09034e+07 1.0828e+07
194 1.10732e+07 1.09965e+07
195 1.12446e+07 1.11667e+07
196 1.14179e+07 1.13387e+07
197 1.15929e+07 1.15125e+07
198 1.17697e+07 1.1688e+07
199 1.19483e+07 1.18653e+07
200 1.21287e+07 1.20444e+07
201 1.23109e+07 1.22252e+07
202 1.24949e+07 1.24079e+07
203 1.26807e+07 1.25924e+07
204 1.28684e+07 1.27787e+07
205 1.30579e+07 1.29668e+07
206 1.32492e+07 1.31568e+07
207 1.34424e+07 1.33486e+07
208 1.36375e+07 1.35423e+07
209 1.38345e+07 1.37378e+07
210 1.40333e+07 1.39353e+07
211 1.42341e+07 1.41346e+07
212 1.44367e+07 1.43357e+07
213 1.46413e+07 1.45388e+07
214 1.48478e+07 1.47438e+07
215 1.50562e+07 1.49507e+07
216 1.52666e+07 1.51596e+07
217 1.54789e+07 1.53704e+07
218 1.56932e+07 1.55831e+07
219 1.59094e+07 1.57978e+07
220 1.61276e+07 1.60144e+07
221 1.63478e+07 1.6233e+07
222 1.657e+07 1.64536e+07
223 1.67942e+07 1.66762e+07
224 1.70205e+07 1.69008e+07
225 1.72487e+07 1.71274e+07
226 1.7479e+07 1.7356e+07
227 1.77113e+07 1.75866e+07
228 1.79457e+07 1.78193e+07
229 1.81821e+07 1.8054e+07
230 1.84206e+07 1.82908e+07
231 1.86611e+07 1.85296e+07
232 1.89038e+07 1.87705e+07
233 1.91485e+07 1.90135e+07
234 1.93954e+07 1.92585e+07
235 1.96443e+07 1.95057e+07
236 1.98954e+07 1.9755e+07
237 2.01486e+07 2.00064e+07
238 2.0404e+07 2.02599e+07
239 2.06615e+07 2.05155e+07
240 2.09212e+07 2.07733e+07
241 2.1183e+07 2.10332e+07
242 2.1447e+07 2.12953e+07
243 2.17132e+07 2.15596e+07
244 2.19815e+07 2.1826e+07
245 2.22521e+07 2.20946e+07
246 2.25249e+07 2.23655e+07
247 2.27999e+07 2.26385e+07
248 2.30772e+07 2.29137e+07
249 2.33566e+07 2.31912e+07
250 2.36384e+07 2.34709e+07
251 2.39224e+07 2.37528e+07
252 2.42086e+07 2.4037e+07
253 2.44971e+07 2.43234e+07
254 2.47879e+07 2.46121e+07
255 2.5081e+07 2.49031e+07
256 2.53764e+07 2.51964e+07
257 2.56741e+07 2.54919e+07
258 2.59742e+07 2.57898e+07
259 2.62765e+07 2.609e+07
260 2.65812e+07 2.63925e+07
261 2.68883e+07 2.66973e+07
262 2.71977e+07 2.70045e+07
263 2.75094e+07 2.7314e+07
264 2.78236e+07 2.76258e+07
265 2.81401e+07 2.79401e+07
266 2.8459e+07 2.82567e+07
267 2.87803e+07 2.85757e+07
268 2.9104e+07 2.8897e+07
269 2.94302e+07 2.92208e+07
270 2.97587e+07 2.9547e+07
271 3.00897e+07 2.98756e+07
272 3.04232e+07 3.02067e+07
273 3.07591e+07 3.05401e+07
274 3.10974e+07 3.08761e+07
275 3.14383e+07 3.12144e+07
276 3.17816e+07 3.15553e+07
277 3.21274e+07 3.18986e+07
278 3.24757e+07 3.22444e+07
279 3.28265e+07 3.25927e+07
280 3.31799e+07 3.29435e+07
281 3.35357e+07 3.32967e+07
282 3.38941e+07 3.36526e+07
283 3.42551e+07 3.40109e+07
284 3.46186e+07 3.43718e+07
285 3.49846e+07 3.47352e+07
286 3.53532e+07 3.51011e+07
287 3.57245e+07 3.54697e+07
288 3.60983e+07 3.58408e+07
289 3.64746e+07 3.62144e+07
290 3.68537e+07 3.65907e+07
291 3.72353e+07 3.69696e+07
292 3.76195e+07 3.73511e+07
293 3.80064e+07 3.77351e+07
294 3.83959e+07 3.81219e+07
295 3.87881e+07 3.85112e+07
296 3.91829e+07 3.89032e+07
297 3.95804e+07 3.92978e+07
298 3.99806e+07 3.96951e+07
299 4.03835e+07 4.00951e+07
300 4.07891e+07 4.04977e+07
301 4.11974e+07 4.09031e+07
302 4.16083e+07 4.13111e+07
303 4.20221e+07 4.17218e+07
304 4.24385e+07 4.21353e+07
305 4.28577e+07 4.25515e+07
306 4.32797e+07 4.29704e+07
307 4.37044e+07 4.3392e+07
308 4.41318e+07 4.38164e+07
309 4.45621e+07 4.42435e+07
310 4.49951e+07 4.46735e+07
311 4.5431e+07 4.51062e+07
312 4.58696e+07 4.55416e+07
313 4.63111e+07 4.59799e+07
314 4.67554e+07 4.6421e+07
315 4.72025e+07 4.68649e+07
316 4.76524e+07 4.73116e+07
317 4.81052e+07 4.77611e+07
318 4.85609e+07 4.82135e+07
319 4.90194e+07 4.86687e+07
320 4.94808e+07 4.91268e+07
321 4.99451e+07 4.95878e+07
322 5.04123e+07 5.00516e+07
323 5.08824e+07 5.05183e+07
324 5.13554e+07 5.09879e+07
325 5.18314e+07 5.14604e+07
326 5.23102e+07 5.19358e+07
327 5.2792e+07 5.24142e+07
328 5.32768e+07 5.28954e+07
329 5.37645e+07 5.33796e+07
330 5.42552e+07 5.38668e+07
331 5.47488e+07 5.43569e+07
332 5.52455e+07 5.48499e+07
333 5.57451e+07 5.5346e+07
334 5.62477e+07 5.5845e+07
335 5.67534e+07 5.6347e+07
336 5.72621e+07 5.6852e+07
337 5.77738e+07 5.736e+07
338 5.82885e+07 5.7871e+07
339 5.88063e+07 5.83851e+07
340 5.93272e+07 5.89022e+07
341 5.98511e+07 5.94223e+07
342 6.03781e+07 5.99455e+07
343 6.09081e+07 6.04718e+07
344 6.14413e+07 6.10011e+07
345 6.19776e+07 6.15335e+07
346 6.2517e+07 6.2069e+07
347 6.30595e+07 6.26076e+07
348 6.36051e+07 6.31493e+07
349 6.41539e+07 6.36941e+07
350 6.47058e+07 6.42421e+07
351 6.52608e+07 6.47932e+07
352 6.58191e+07 6.53474e+07
353 6.63805e+07 6.59048e+07
354 6.69451e+07 6.64653e+07
355 6.75129e+07 6.7029e+07
356 6.80839e+07 6.75959e+07
357 6.86581e+07 6.81659e+07
358 6.92355e+07 6.87392e+07
359 6.98161e+07 6.93157e+07
360 7.04e+07 6.98954e+07
361 7.09872e+07 7.04783e+07
362 7.15776e+07 7.10644e+07
363 7.21712e+07 7.16538e+07
364 7.27681e+07 7.22464e+07
365 7.33683e+07 7.28423e+07
366 7.39718e+07 7.34415e+07
367 7.45786e+07 7.40439e+07
368 7.51887e+07 7.46496e+07
369 7.58022e+07 7.52586e+07
370 7.64189e+07 7.58709e+07
371 7.7039e+07 7.64866e+07
372 7.76625e+07 7.71055e+07
373 7.82893e+07 7.77278e+07
374 7.89194e+07 7.83534e+07
375 7.95529e+07 7.89824e+07
376 8.01898e+07 7.96147e+07
377 8.08301e+07 8.02504e+07
378 8.14738e+07 8.08895e+07
379 8.21209e+07 8.15319e+07
380 8.27715e+07 8.21778e+07
381 8.34254e+07 8.2827e+07
382 8.40828e+07 8.34797e+07
383 8.47436e+07 8.41358e+07
384 8.54079e+07 8.47953e+07
385 8.60757e+07 8.54582e+07
386 8.67469e+07 8.61246e+07
387 8.74216e+07 8.67945e+07
388 8.80998e+07 8.74678e+07
389 8.87815e+07 8.81446e+07
390 8.94667e+07 8.88248e+07
391 9.01554e+07 8.95086e+07
392 9.08476e+07 9.01958e+07
393 9.15434e+07 9.08866e+07
394 9.22427e+07 9.15809e+07
395 9.29455e+07 9.22787e+07
396 9.3652e+07 9.29801e+07
397 9.4362e+07 9.3685e+07
398 9.50755e+07 9.43934e+07
399 9.57927e+07 9.51054e+07
400 9.65135e+07 9.5821e+07
401 9.72378e+07 9.65402e+07
402 9.79658e+07 9.72629e+07
403 9.86974e+07 9.79893e+07
404 9.94327e+07 9.87192e+07
405 1.00172e+08 9.94528e+07
406 1.00914e+08 1.0019e+08
407 1.0166e+08 1.00931e+08
408 1.0241e+08 1.01675e+08
409 1.03164e+08 1.02423e+08
410 1.03921e+08 1.03175e+08
411 1.04682e+08 1.03931e+08
412 1.05446e+08 1.0469e+08
413 1.06215e+08 1.05453e+08
414 1.06987e+08 1.06219e+08
415 1.07763e+08 1.06989e+08
416 1.08542e+08 1.07763e+08
417 1.09326e+08 1.08541e+08
418 1.10113e+08 1.09322e+08
419 1.10903e+08 1.10108e+08
420 1.11698e+08 1.10896e+08
421 1.12496e+08 1.11689e+08
422 1.13299e+08 1.12486e+08
423 1.14105e+08 1.13286e+08
424 1.14914e+08 1.1409e+08
425 1.15728e+08 1.14898e+08
426 1.16545e+08 1.15709e+08
427 1.17367e+08 1.16524e+08
428 1.18192e+08 1.17344e+08
429 1.19021e+08 1.18167e+08
430 1.19854e+08 1.18994e+08
431 1.20691e+08 1.19824e+08
432 1.21531e+08 1.20659e+08
433 1.22376e+08 1.21497e+08
434 1.23224e+08 1.2234e+08
435 1.24076e+08 1.23186e+08
436 1.24933e+08 1.24036e+08
437 1.25793e+08 1.2489e+08
438 1.26657e+08 1.25748e+08
439 1.27525e+08 1.2661e+08
440 1.28397e+08 1.27476e+08
441 1.29273e+08 1.28345e+08
442 1.30153e+08 1.29219e+08
443 1.31037e+08 1.30097e+08
444 1.31925e+08 1.30978e+08
445 1.32817e+08 1.31864e+08
446 1.33713e+08 1.32753e+08
447 1.34613e+08 1.33647e+08
448 1.35517e+08 1.34544e+08
449 1.36425e+08 1.35446e+08
450 1.37337e+08 1.36352e+08
451 1.38253e+08 1.37261e+08
452 1.39174e+08 1.38175e+08
453 1.40098e+08 1.39092e+08
454 1.41026e+08 1.40014e+08
455 1.41959e+08 1.4094e+08
456 1.42895e+08 1.4187e+08
457 1.43836e+08 1.42804e+08
458 1.44781e+08 1.43742e+08
459 1.4573e+08 1.44684e+08
460 1.46683e+08 1.4563e+08
461 1.4764e+08 1.46581e+08
462 1.48601e+08 1.47535e+08
463 1.49567e+08 1.48494e+08
464 1.50537e+08 1.49456e+08
465 1.51511e+08 1.50423e+08
466 1.52489e+08 1.51394e+08
467 1.53471e+08 1.5237e+08
468 1.54457e+08 1.53349e+08
469 1.55448e+08 1.54333e+08
470 1.56443e+08 1.5532e+08
471 1.57442e+08 1.56313e+08
472 1.58446e+08 1.57309e+08
473 1.59453e+08 1.58309e+08
474 1.60465e+08 1.59314e+08
475 1.61482e+08 1.60323e+08
476 1.62502e+08 1.61336e+08
477 1.63527e+08 1.62353e+08
478 1.64556e+08 1.63375e+08
479 1.65589e+08 1.64401e+08
480 1.66627e+08 1.65431e+08
481 1.67669e+08 1.66466e+08
482 1.68715e+08 1.67505e+08
483 1.69766e+08 1.68548e+08
484 1.70821e+08 1.69596e+08
485 1.71881e+08 1.70647e+08
486 1.72945e+08 1.71704e+08
487 1.74013e+08 1.72764e+08
488 1.75085e+08 1.73829e+08
489 1.76162e+08 1.74898e+08
490 1.77244e+08 1.75972e+08
491 1.78329e+08 1.7705e+08
492 1.7942e+08 1.78132e+08
493 1.80514e+08 1.79219e+08
494 1.81613e+08 1.8031e+08
495 1.82717e+08 1.81406e+08
496 1.83825e+08 1.82506e+08
497 1.84937e+08 1.83611e+08
498 1.86054e+08 1.8472e+08
499 1.87176e+08 1.85833e+08
500 1.88302e+08 1.86951e+08
501 1.89432e+08 1.88073e+08
502 1.90567e+08 1.892e+08
503 1.91707e+08 1.90331e+08
504 1.92851e+08 1.91467e+08
505 1.93999e+08 1.92608e+08
506 1.95153e+08 1.93752e+08
507 1.9631e+08 1.94902e+08
508 1.97472e+08 1.96056e+08
509 1.98639e+08 1.97214e+08
510 1.99811e+08 1.98377e+08
511 2.00987e+08 1.99545e+08
512 2.02167e+08 2.00717e+08
513 2.03353e+08 2.01894e+08
514 2.04542e+08 2.03075e+08
515 2.05737e+08 2.04261e+08
516 2.06936e+08 2.05452e+08
517 2.0814e+08 2.06647e+08
518 2.09348e+08 2.07847e+08
519 2.10561e+08 2.09051e+08
520 2.11779e+08 2.1026e+08
521 2.13002e+08 2.11474e+08
522 2.14229e+08 2.12692e+08
523 2.15461e+08 2.13915e+08
524 2.16697e+08 2.15143e+08
525 2.17939e+08 2.16375e+08
526 2.19185e+08 2.17613e+08
527 2.20435e+08 2.18854e+08
528 2.21691e+08 2.20101e+08
529 2.22951e+08 2.21352e+08
530 2.24216e+08 2.22608e+08
531 2.25486e+08 2.23869e+08
532 2.26761e+08 2.25134e+08
533 2.2804e+08 2.26405e+08
534 2.29324e+08 2.2768e+08
535 2.30613e+08 2.2896e+08
536 2.31907e+08 2.30244e+08
537 2.33206e+08 2.31534e+08
538 2.3451e+08 2.32828e+08
539 2.35818e+08 2.34127e+08
540 2.37131e+08 2.35431e+08
541 2.38449e+08 2.36739e+08
542 2.39772e+08 2.38053e+08
543 2.411e+08 2.39371e+08
544 2.42433e+08 2.40694e+08
545 2.4377e+08 2.42022e+08
546 2.45113e+08 2.43355e+08
547 2.46461e+08 2.44693e+08
548 2.47813e+08 2.46036e+08
549 2.4917e+08 2.47384e+08
550 2.50533e+08 2.48736e+08
551 2.519e+08 2.50094e+08
552 2.53272e+08 2.51456e+08
553 2.54649e+08 2.52823e+08
554 2.56031e+08 2.54196e+08
555 2.57419e+08 2.55573e+08
556 2.58811e+08 2.56955e+08
557 2.60208e+08 2.58342e+08
558 2.6161e+08 2.59734e+08
559 2.63017e+08 2.61132e+08
560 2.6443e+08 2.62534e+08
561 2.65847e+08 2.63941e+08
562 2.67269e+08 2.65353e+08
563 2.68697e+08 2.6677e+08
564 2.70129e+08 2.68193e+08
565 2.71567e+08 2.6962e+08
566 2.7301e+08 2.71052e+08
567 2.74457e+08 2.7249e+08
568 2.7591e+08 2.73932e+08
569 2.77368e+08 2.7538e+08
570 2.78831e+08 2.76832e+08
571 2.803e+08 2.7829e+08
572 2.81773e+08 2.79753e+08
573 2.83252e+08 2.81221e+08
574 2.84735e+08 2.82694e+08
575 2.86224e+08 2.84172e+08
576 2.87718e+08 2.85656e+08
577 2.89218e+08 2.87144e+08
578 2.90722e+08 2.88638e+08
579 2.92232e+08 2.90137e+08
580 2.93747e+08 2.91641e+08
581 2.95267e+08 2.9315e+08
582 2.96792e+08 2.94665e+08
583 2.98323e+08 2.96185e+08
584 2.99859e+08 2.97709e+08
585 3.014e+08 2.9924e+08
586 3.02946e+08 3.00775e+08
587 3.04498e+08 3.02315e+08
588 3.06055e+08 3.03861e+08
589 3.07617e+08 3.05412e+08
590 3.09185e+08 3.06969e+08
591 3.10758e+08 3.0853e+08
592 3.12336e+08 3.10097e+08
593 3.13919e+08 3.1167e+08
594 3.15508e+08 3.13247e+08
595 3.17102e+08 3.1483e+08
596 3.18702e+08 3.16418e+08
597 3.20307e+08 3.18012e+08
598 3.21917e+08 3.1961e+08
599 3.23533e+08 3.21215e+08
600 3.25154e+08 3.22824e+08
601 3.26781e+08 3.24439e+08
602 3.28413e+08 3.26059e+08
603 3.3005e+08 3.27685e+08
604 3.31693e+08 3.29316e+08
605 3.33341e+08 3.30953e+08
606 3.34995e+08 3.32595e+08
607 3.36654e+08 3.34242e+08
608 3.38319e+08 3.35895e+08
609 3.39989e+08 3.37553e+08
610 3.41665e+08 3.39217e+08
611 3.43346e+08 3.40886e+08
612 3.45032e+08 3.4256e+08
613 3.46724e+08 3.4424e+08
614 3.48422e+08 3.45926e+08
615 3.50125e+08 3.47617e+08
616 3.51834e+08 3.49313e+08
617 3.53548e+08 3.51015e+08
618 3.55268e+08 3.52723e+08
619 3.56993e+08 3.54436e+08
620 3.58724e+08 3.56155e+08
621 3.60461e+08 3.57879e+08
622 3.62203e+08 3.59608e+08
623 3.63951e+08 3.61344e+08
624 3.65704e+08 3.63085e+08
625 3.67463e+08 3.64831e+08
626 3.69228e+08 3.66583e+08
627 3.70998e+08 3.68341e+08
628 3.72774e+08 3.70104e+08
629 3.74556e+08 3.71873e+08
630 3.76343e+08 3.73647e+08
631 3.78136e+08 3.75427e+08
632 3.79935e+08 3.77213e+08
633 3.81739e+08 3.79005e+08
634 3.83549e+08 3.80802e+08
635 3.85365e+08 3.82604e+08
636 3.87186e+08 3.84413e+08
637 3.89013e+08 3.86227e+08
638 3.90846e+08 3.88047e+08
639 3.92685e+08 3.89872e+08
640 3.94529e+08 3.91704e+08
641 3.96379e+08 3.93541e+08
642 3.98235e+08 3.95383e+08
643 4.00097e+08 3.97232e+08
644 4.01965e+08 3.99086e+08
645 4.03838e+08 4.00946e+08
646 4.05717e+08 4.02812e+08
647 4.07602e+08 4.04683e+08
648 4.09493e+08 4.0656e+08
649 4.11389e+08 4.08444e+08
650 4.13292e+08 4.10332e+08
651 4.152e+08 4.12227e+08
652 4.17115e+08 4.14128e+08
653 4.19035e+08 4.16034e+08
654 4.20961e+08 4.17946e+08
655 4.22892e+08 4.19864e+08
656 4.2483e+08 4.21788e+08
657 4.26774e+08 4.23718e+08
658 4.28723e+08 4.25654e+08
659 4.30679e+08 4.27595e+08
660 4.3264e+08 4.29543e+08
661 4.34608e+08 4.31496e+08
662 4.36581e+08 4.33455e+08
663 4.38561e+08 4.35421e+08
664 4.40546e+08 4.37392e+08
665 4.42537e+08 4.39369e+08
666 4.44534e+08 4.41352e+08
667 4.46538e+08 4.43341e+08
668 4.48547e+08 4.45336e+08
669 4.50562e+08 4.47337e+08
670 4.52584e+08 4.49344e+08
671 4.54611e+08 4.51356e+08
672 4.56644e+08 4.53375e+08
673 4.58684e+08 4.554e+08
674 4.60729e+08 4.57431e+08
675 4.62781e+08 4.59468e+08
676 4.64839e+08 4.61511e+08
677 4.66902e+08 4.6356e+08
678 4.68972e+08 4.65615e+08
679 4.71048e+08 4.67676e+08
680 4.7313e+08 4.69744e+08
681 4.75218e+08 4.71817e+08
682 4.77313e+08 4.73896e+08
683 4.79413e+08 4.75982e+08
684 4.8152e+08 4.78074e+08
685 4.83633e+08 4.80171e+08
686 4.85752e+08 4.82275e+08
687 4.87877e+08 4.84385e+08
688 4.90008e+08 4.86501e+08
689 4.92146e+08 4.88624e+08
690 4.9429e+08 4.90752e+08
691 4.9644e+08 4.92887e+08
692 4.98596e+08 4.95028e+08
693 5.00758e+08 4.97175e+08
694 5.02927e+08 4.99328e+08
695 5.05102e+08 5.01487e+08
696 5.07283e+08 5.03653e+08
697 5.09471e+08 5.05825e+08
698 5.11664e+08 5.08003e+08
699 5.13864e+08 5.10187e+08
700 5.16071e+08 5.12378e+08
701 5.18283e+08 5.14575e+08
702 5.20502e+08 5.16778e+08
703 5.22728e+08 5.18987e+08
704 5.24959e+08 5.21203e+08
705 5.27197e+08 5.23425e+08
706 5.29441e+08 5.25653e+08
707 5.31692e+08 5.27888e+08
708 5.33949e+08 5.30129e+08
709 5.36213e+08 5.32376e+08
710 5.38482e+08 5.3463e+08
711 5.40759e+08 5.3689e+08
712 5.43041e+08 5.39156e+08
713 5.4533e+08 5.41429e+08
714 5.47626e+08 5.43708e+08
715 5.49927e+08 5.45993e+08
716 5.52236e+08 5.48285e+08
717 5.54551e+08 5.50583e+08
718 5.56872e+08 5.52888e+08
719 5.59199e+08 5.55199e+08
720 5.61534e+08 5.57517e+08
721 5.63874e+08 5.5984e+08
722 5.66221e+08 5.62171e+08
723 5.68575e+08 5.64508e+08
724 5.70935e+08 5.66851e+08
725 5.73302e+08 5.69201e+08
726 5.75675e+08 5.71557e+08
727 5.78055e+08 5.7392e+08
728 5.80441e+08 5.76289e+08
729 5.82834e+08 5.78665e+08
730 5.85234e+08 5.81048e+08
731 5.8764e+08 5.83436e+08
732 5.90052e+08 5.85832e+08
733 5.92471e+08 5.88234e+08
734 5.94897e+08 5.90642e+08
735 5.9733e+08 5.93057e+08
736 5.99769e+08 5.95479e+08
737 6.02214e+08 5.97907e+08
738 6.04667e+08 6.00342e+08
739 6.07126e+08 6.02783e+08
740 6.09591e+08 6.05231e+08
741 6.12063e+08 6.07686e+08
742 6.14542e+08 6.10147e+08
743 6.17028e+08 6.12615e+08
744 6.1952e+08 6.1509e+08
745 6.22019e+08 6.17571e+08
746 6.24525e+08 6.20059e+08
747 6.27038e+08 6.22554e+08
748 6.29557e+08 6.25055e+08
749 6.32083e+08 6.27563e+08
750 6.34615e+08 6.30077e+08
751 6.37155e+08 6.32599e+08
752 6.39701e+08 6.35127e+08
753 6.42254e+08 6.37662e+08
754 6.44814e+08 6.40203e+08
755 6.4738e+08 6.42751e+08
756 6.49954e+08 6.45306e+08
757 6.52534e+08 6.47868e+08
758 6.55121e+08 6.50437e+08
759 6.57715e+08 6.53012e+08
760 6.60315e+08 6.55594e+08
761 6.62923e+08 6.58183e+08
762 6.65537e+08 6.60779e+08
763 6.68158e+08 6.63381e+08
764 6.70786e+08 6.65991e+08
765 6.73421e+08 6.68607e+08
766 6.76063e+08 6.7123e+08
767 6.78712e+08 6.7386e+08
768 6.81368e+08 6.76496e+08
769 6.8403e+08 6.7914e+08
770 6.867e+08 6.81791e+08
771 6.89376e+08 6.84448e+08
772 6.9206e+08 6.87112e+08
773 6.9475e+08 6.89783e+08
774 6.97447e+08 6.92462e+08
775 7.00152e+08 6.95147e+08
776 7.02863e+08 6.97839e+08
777 7.05581e+08 7.00537e+08
778 7.08306e+08 7.03243e+08
779 7.11039e+08 7.05956e+08
780 7.13778e+08 7.08676e+08
781 7.16524e+08 7.11403e+08
782 7.19278e+08 7.14136e+08
783 7.22038e+08 7.16877e+08
784 7.24805e+08 7.19625e+08
785 7.2758e+08 7.2238e+08
786 7.30361e+08 7.25141e+08
787 7.3315e+08 7.2791e+08
788 7.35946e+08 7.30686e+08
789 7.38749e+08 7.33469e+08
790 7.41559e+08 7.36259e+08
791 7.44376e+08 7.39056e+08
792 7.472e+08 7.4186e+08
793 7.50031e+08 7.44671e+08
794 7.5287e+08 7.47489e+08
795 7.55715e+08 7.50315e+08
796 7.58568e+08 7.53147e+08
797 7.61428e+08 7.55987e+08
798 7.64295e+08 7.58833e+08
799 7.6717e+08 7.61687e+08
800 7.70051e+08 7.64548e+08
801 7.7294e+08 7.67416e+08
802 7.75836e+08 7.70292e+08
803 7.78739e+08 7.73174e+08
804 7.81649e+08 7.76064e+08
805 7.84567e+08 7.78961e+08
806 7.87492e+08 7.81865e+08
807 7.90424e+08 7.84776e+08
808 7.93363e+08 7.87695e+08
809 7.9631e+08 7.9062e+08
810 7.99264e+08 7.93553e+08
811 8.02225e+08 7.96494e+08
812 8.05194e+08 7.99441e+08
813 8.0817e+08 8.02396e+08
814 8.11153e+08 8.05358e+08
815 8.14144e+08 8.08327e+08
816 8.17142e+08 8.11304e+08
817 8.20147e+08 8.14287e+08
818 8.23159e+08 8.17279e+08
819 8.26179e+08 8.20277e+08
820 8.29207e+08 8.23283e+08
821 8.32242e+08 8.26296e+08
822 8.35284e+08 8.29316e+08
823 8.38333e+08 8.32344e+08
824 8.4139e+08 8.35379e+08
825 8.44455e+08 8.38422e+08
826 8.47526e+08 8.41472e+08
827 8.50606e+08 8.44529e+08
828 8.53692e+08 8.47594e+08
829 8.56787e+08 8.50666e+08
830 8.59888e+08 8.53746e+08
831 8.62997e+08 8.56833e+08
832 8.66114e+08 8.59927e+08
833 8.69238e+08 8.63029e+08
834 8.7237e+08 8.66138e+08
835 8.75509e+08 8.69255e+08
836 8.78655e+08 8.72379e+08
837 8.81809e+08 8.75511e+08
838 8.84971e+08 8.7865e+08
839 8.8814e+08 8.81797e+08
840 8.91317e+08 8.84951e+08
841 8.94502e+08 8.88113e+08
842 8.97693e+08 8.91282e+08
843 9.00893e+08 8.94459e+08
844 9.041e+08 8.97643e+08
845 9.07315e+08 9.00835e+08
846 9.10537e+08 9.04034e+08
847 9.13767e+08 9.07241e+08
848 9.17005e+08 9.10456e+08
849 9.2025e+08 9.13678e+08
850 9.23503e+08 9.16908e+08
851 9.26763e+08 9.20145e+08
852 9.30031e+08 9.2339e+08
853 9.33307e+08 9.26642e+08
854 9.36591e+08 9.29903e+08
855 9.39882e+08 9.3317e+08
856 9.43181e+08 9.36446e+08
857 9.46488e+08 9.39729e+08
858 9.49802e+08 9.4302e+08
859 9.53124e+08 9.46318e+08
860 9.56454e+08 9.49624e+08
861 9.59792e+08 9.52938e+08
862 9.63137e+08 9.5626e+08
863 9.6649e+08 9.59589e+08
864 9.69851e+08 9.62926e+08
865 9.7322e+08 9.66271e+08
866 9.76596e+08 9.69623e+08
867 9.7998e+08 9.72983e+08
868 9.83372e+08 9.76351e+08
869 9.86772e+08 9.79727e+08
870 9.9018e+08 9.8311e+08
871 9.93595e+08 9.86502e+08
872 9.97019e+08 9.89901e+08
873 1.00045e+09 9.93307e+08
874 1.00389e+09 9.96722e+08
875 1.00734e+09 1.00014e+09
876 1.01079e+09 1.00357e+09
877 1.01425e+09 1.00701e+09
878 1.01772e+09 1.01046e+09
879 1.0212e+09 1.01391e+09
880 1.02469e+09 1.01737e+09
881 1.02818e+09 1.02084e+09
882 1.03169e+09 1.02432e+09
883 1.0352e+09 1.02781e+09
884 1.03871e+09 1.0313e+09
885 1.04224e+09 1.0348e+09
886 1.04578e+09 1.03831e+09
887 1.04932e+09 1.04183e+09
888 1.05287e+09 1.04535e+09
889 1.05643e+09 1.04888e+09
890 1.05999e+09 1.05243e+09
891 1.06357e+09 1.05597e+09
892 1.06715e+09 1.05953e+09
893 1.07074e+09 1.0631e+09
894 1.07434e+09 1.06667e+09
895 1.07794e+09 1.07025e+09
896 1.08156e+09 1.07384e+09
897 1.08518e+09 1.07743e+09
898 1.08881e+09 1.08104e+09
899 1.09245e+09 1.08465e+09
900 1.0961e+09 1.08827e+09
901 1.09975e+09 1.0919e+09
902 1.10341e+09 1.09554e+09
903 1.10708e+09 1.09918e+09
904 1.11076e+09 1.10284e+09
905 1.11445e+09 1.1065e+09
906 1.11815e+09 1.11017e+09
907 1.12185e+09 1.11384e+09
908 1.12556e+09 1.11753e+09
909 1.12928e+09 1.12122e+09
910 1.13301e+09 1.12492e+09
911 1.13675e+09 1.12863e+09
912 1.14049e+09 1.13235e+09
913 1.14424e+09 1.13608e+09
914 1.148e+09 1.13981e+09
915 1.15177e+09 1.14356e+09
916 1.15555e+09 1.14731e+09
917 1.15934e+09 1.15106e+09
918 1.16313e+09 1.15483e+09
919 1.16693e+09 1.15861e+09
920 1.17074e+09 1.16239e+09
921 1.17456e+09 1.16618e+09
922 1.17839e+09 1.16998e+09
923 1.18223e+09 1.17379e+09
924 1.18607e+09 1.17761e+09
925 1.18992e+09 1.18143e+09
926 1.19378e+09 1.18526e+09
927 1.19765e+09 1.18911e+09
928 1.20153e+09 1.19295e+09
929 1.20541e+09 1.19681e+09
930 1.20931e+09 1.20068e+09
931 1.21321e+09 1.20455e+09
932 1.21712e+09 1.20844e+09
933 1.22104e+09 1.21233e+09
934 1.22497e+09 1.21623e+09
935 1.2289e+09 1.22013e+09
936 1.23285e+09 1.22405e+09
937 1.2368e+09 1.22798e+09
938 1.24076e+09 1.23191e+09
939 1.24473e+09 1.23585e+09
940 1.24871e+09 1.2398e+09
941 1.25269e+09 1.24376e+09
942 1.25669e+09 1.24772e+09
943 1.26069e+09 1.2517e+09
944 1.2647e+09 1.25568e+09
945 1.26872e+09 1.25967e+09
946 1.27275e+09 1.26367e+09
947 1.27679e+09 1.26768e+09
948 1.28084e+09 1.2717e+09
949 1.28489e+09 1.27573e+09
950 1.28895e+09 1.27976e+09
951 1.29303e+09 1.2838e+09
952 1.29711e+09 1.28785e+09
953 1.30119e+09 1.29191e+09
954 1.30529e+09 1.29598e+09
955 1.3094e+09 1.30006e+09
956 1.31351e+09 1.30414e+09
957 1.31764e+09 1.30824e+09
958 1.32177e+09 1.31234e+09
959 1.32591e+09 1.31645e+09
960 1.33006e+09 1.32057e+09
961 1.33421e+09 1.3247e+09
962 1.33838e+09 1.32884e+09
963 1.34256e+09 1.33298e+09
964 1.34674e+09 1.33713e+09
965 1.35093e+09 1.3413e+09
966 1.35513e+09 1.34547e+09
967 1.35934e+09 1.34965e+09
968 1.36356e+09 1.35384e+09
969 1.36779e+09 1.35803e+09
970 1.37202e+09 1.36224e+09
971 1.37627e+09 1.36645e+09
972 1.38052e+09 1.37068e+09
973 1.38478e+09 1.37491e+09
974 1.38906e+09 1.37915e+09
975 1.39333e+09 1.3834e+09
976 1.39762e+09 1.38766e+09
977 1.40192e+09 1.39192e+09
978 1.40623e+09 1.3962e+09
979 1.41054e+09 1.40048e+09
980 1.41487e+09 1.40478e+09
981 1.4192e+09 1.40908e+09
982 1.42354e+09 1.41339e+09
983 1.42789e+09 1.41771e+09
984 1.43225e+09 1.42204e+09
985 1.43662e+09 1.42637e+09
986 1.44099e+09 1.43072e+09
987 1.44538e+09 1.43507e+09
988 1.44977e+09 1.43944e+09
989 1.45418e+09 1.44381e+09
990 1.45859e+09 1.44819e+09
991 1.46301e+09 1.45258e+09
992 1.46744e+09 1.45698e+09
993 1.47188e+09 1.46139e+09
994 1.47633e+09 1.4658e+09
995 1.48078e+09 1.47023e+09
996 1.48525e+09 1.47466e+09
997 1.48973e+09 1.4791e+09
998 1.49421e+09 1.48356e+09
999 1.4987e+09 1.48802e+09
